10000064034
10000064035
10000064036
10000064037
20003790987
20003790988
20003790989
20003790990
20003790991
20003790992
20003790993
20003790994
20003790995
20003790996
20003790997
20003790998
20003790999
20003791000
20003791001
20003791002
20003791003
20003791004
20003791005
20003791006
20003791007
20003791008
20003791009
20003791010
20003791011
20003791012
20003791013
20003791014
20003791015
20003791016
20003791017
20003791018
20003791019
20003791020
20003791021
20003791022
20003791023
20003791024
20003791025
20003791026
20003791027
20003791028
20003791029
20003791030
20003791031
20003791032
20003791033
20003791034
20003791035
20003791036
20003791037
20003791038
20003791039
20003791040
20003791041
20003791042
20003791043
20003791044
20003791045
20003791046
20003791047
20003791048
20003791049
20003791050
20003791051
20003791052
20003791053
20003791054
20003791055
20003791056
20003791057
20003791058
20003791059
20003791060
20003791061
20003791062
20003791063
20003791064
20003791065
20003791066
20003791067
20003791068
20003791069
20003791070
20003791071
20003791072
20003791073
20003791074
20003791075
20003791076
20003791077
20003791078
20003791079
20003791080
20003791081
20003791082
20003791083
20003791084
20003791085
20003791086
20003791087
20003791088
20003791089
20003791090
20003791091
20003791092
20003791093
20003791094
20003791095
20003791096
20003791097
20003791098
20003791099
20003791100
20003791101
20003791102
20003791103
20003791104
20003791105
20003791106
20003791107
20003791108
20003791109
20003791110
20003791111
20003791112
20003791113
20003791114
20003791115
20003791116
20003791117
20003791118
20003791119
20003791120
20003791121
20003791122
20003791123
20003791124
20003791125
20003791126
20003791127
20003791128
20003791129
20003791130
20003791131
20003791132
20003791133
20003791134
20003791135
20003791136
20003791137
20003791138
20003791139
20003791140
20003791141
20003791142
20003791143
20003791144
20003791145
20003791146
20003791147
20003791148
20003791149
20003791150
20003791151
20003791152
20003791153
20003791154
20003791155
20003791156
20003791157
20003791158
20003791159
20003791160
20003791161
20003791162
20003791163
20003791164
20003791165
20003791166
20003791167
20003791168
20003791169
20003791170
20003791171
20003791172
20003791173
20003791174
20003791175
20003791176
20003791177
20003791178
20003791179
20003791180
20003791181
20003791182
20003791183
20003791184
20003791185
20003791186
20003791187
20003791188
20003791189
20003791190
20003791191
20003791192
20003791193
20003791194
20003791195
20003791196
20003791197
20003791198
20003791199
20003791200
20003791201
20003791202
20003791203
20003791204
20003791205
20003791206
20003791207
20003791208
20003791209
20003791210
20003791211
20003791212
20003791213
20003791214
20003791215
20003791216
20003791217
20003791218
20003791219
20003791220
20003791221
20003791222
20003791223
20003791224
20003791225
20003791226
20003791227
20003791228
20003791229
20003791230
20003791231
20003791232
20003791233
20003791234
20003791235
20003791236
20003791237
20003791238
20003791239
20003791240
20003791241
20003791242
20003791243
20003791244
20003791245
20003791246
20003791247
20003791248
20003791249
20003791250
20003791251
20003791252
20003791253
20003791254
20003791255
20003791256
20003791257
20003791258
20003791259
20003791260
20003791261
20003791262
20003791263
20003791264
20003791265
20003791266
20003791267
20003791268
20003791269
20003791270
20003791271
20003791272
20003791273
20003791274
20003791275
20003791276
20003791277
20003791278
20003791279
20003791280
20003791281
20003791282
20003791283
20003791284
20003791285
20003791286
20003791287
20003791288
20003791289
20003791290
20003791291
20003791292
20003791293
20003791294
20003791295
20003791296
20003791297
20003791298
20003791299
20003791300
20003791301
20003791302
20003791303
20003791304
20003791305
20003791306
20003791307
20003791308
20003791309
20003791310
20003791311
20003791312
20003791313
20003791314
20003791315
20003791316
20003791317
20003791318
20003791319
20003791320
20003791321
20003791322
20003791323
20003791324
20003791325
20003791326
20003791327
20003791328
20003791329
20003791330
20003791331
20003791332
20003791333
20003791334
20003791335
20003791336
20003791337
20003791338
20003791339
20003791340
20003791341
20003791342
20003791343
20003791344
20003791345
20003791346
20003791347
20003791348
20003791349
20003791350
20003791351
20003791352
20003791353
20003791354
20003791355
20003791356
20003791357
20003791358
20003791359
20003791360
20003791361
20003791362
20003791363
20003791364
20003791365
20003791366
20003791367
20003791368
20003791369
20003791370
20003791371
20003791372
20003791373
20003791374
20003791375
20003791376
20003791377
20003791378
20003791379
20003791380
20003791381
20003791382
20003791383
20003791384
20003791385
20003791386
20003791387
20003791388
20003791389
20003791390
20003791391
20003791392
20003791393
20003791394
20003791395
20003791396
20003791397
20003791398
20003791399
20003791400
20003791401
20003791402
20003791403
20003791404
20003791405
20003791406
20003791407
20003791408
20003791409
20003791410
20003791411
20003791412
20003791413
20003791414
20003791415
20003791416
20003791417
20003791418
20003791419
20003791420
20003791421
20003791422
20003791423
20003791424
20003791425
20003791426
20003791427
20003791428
20003791429
20003791430
20003791431
20003791432
20003791433
20003791434
20003791435
20003791436
20003791437
20003791438
20003791439
20003791440
20003791441
20003791442
20003791443
20003791444
20003791445
20003791446
20003791447
20003791448
20003791449
20003791450
20003791451
20003791452
20003791453
20003791454
20003791455
20003791456
20003791457
20003791458
20003791459
20003791460
20003791461
20003791462
20003791463
20003791464
20003791465
20003791466
20003791467
20003791468
20003791469
20003791470
20003791471
20003791472
20003791473
20003791474
20003791475
20003791476
20003791477
20003791478
20003791479
20003791480
20003791481
20003791482
20003791483
20003791484
20003791485
20003791486
20003791487
20003791488
20003791489
20003791490
20003791491
20003791492
20003791493
20003791494
20003791495
20003791496
20003791497
20003791498
20003791499
20003791500
20003791501
20003791502
20003791503
20003791504
20003791505
20003791506
20003791507
20003791508
20003791509
20003791510
20003791511
20003791512
20003791513
20003791514
20003791515
20003791516
20003791517
20003791518
20003791519
20003791520
20003791521
20003791522
20003791523
20003791524
20003791525
20003791526
20003791527
20003791528
20003791529
20003791530
20003791531
20003791532
20003791533
20003791534
20003791535
20003791536
20003791537
20003791538
20003791539
20003791540
20003791541
20003791542
20003791543
20003791544
20003791545
20003791546
20003791547
20003791548
20003791549
20003791550
20003791551
20003791552
20003791553
20003791554
20003791555
20003791556
20003791557
20003791558
20003791559
20003791560
20003791561
20003791562
20003791563
20003791564
20003791565
20003791566
20003791567
20003791568
20003791569
20003791570
20003791571
20003791572
20003791573
20003791574
20003791575
20003791576
20003791577
20003791578
20003791579
20003791580
20003791581
20003791582
20003791583
20003791584
20003791585
20003791586
20003791587
20003791588
20003791589
20003791590
20003791591
20003791592
20003791593
20003791594
20003791595
20003791596
20003791597
20003791598
20003791599
20003791600
20003791601
20003791602
20003791603
20003791604
20003791605
20003791606
20003791607
20003791608
20003791609
20003791610
20003791611
20003791612
20003791613
20003791614
20003791615
20003791616
20003791617
20003791618
20003791619
20003791620
20003791621
20003791622
20003791623
20003791624
20003791625
20003791626
20003791627
20003791628
20003791629
20003791630
20003791631
20003791632
20003791633
20003791634
20003791635
20003791636
20003791637
20003791638
20003791639
20003791640
20003791641
20003791642
20003791643
20003791644
20003791645
20003791646
20003791647
20003791648
20003791649
20003791650
20003791651
20003791652
20003791653
20003791654
20003791655
20003791656
20003791657
20003791658
20003791659
20003791660
20003791661
20003791662
20003791663
20003791664
20003791665
20003791666
20003791667
20003791668
20003791669
20003791670
20003791671
20003791672
20003791673
20003791674
20003791675
20003791676
20003791677
20003791678
20003791679
20003791680
20003791681
20003791682
20003791683
20003791684
20003791685
20003791686
20003791687
20003791688
20003791689
20003791690
20003791691
20003791692
20003791693
20003791694
20003791695
20003791696
20003791697
20003791698
20003791699
20003791700
20003791701
20003791702
20003791703
20003791704
20003791705
20003791706
20003791707
20003791708
20003791709
20003791710
20003791711
20003791712
20003791713
20003791714
20003791715
20003791716
20003791717
20003791718
20003791719
20003791720
20003791721
20003791722
20003791723
20003791724
20003791725
20003791726
20003791727
20003791728
20003791729
20003791730
20003791731
20003791732
20003791733
20003791734
20003791735
20003791736
20003791737
20003791738
20003791739
20003791740
20003791741
20003791742
20003791743
20003791744
20003791745
20003791746
20003791747
20003791748
20003791749
20003791750
20003791751
20003791752
20003791753
20003791754
20003791755
20003791756
20003791757
20003791758
20003791759
20003791760
20003791761
20003791762
20003791763
20003791764
20003791765
20003791766
20003791767
20003791768
20003791769
20003791770
20003791771
20003791772
20003791773
20003791774
20003791775
20003791776
20003791777
20003791778
20003791779
20003791780
20003791781
20003791782
20003791783
20003791784
20003791785
20003791786
20003791787
20003791788
20003791789
20003791790
20003791791
20003791792
20003791793
20003791794
20003791795
20003791796
20003791797
20003791798
20003791799
20003791800
20003791801
20003791802
20003791803
20003791804
20003791805
20003791806
20003791807
20003791808
20003791809
20003791810
20003791811
20003791812
20003791813
20003791814
20003791815
20003791816
20003791817
20003791818
20003791819
20003791820
20003791821
20003791822
20003791823
20003791824
20003791825
20003791826
20003791827
20003791828
20003791829
20003791830
20003791831
20003791832
20003791833
20003791834
20003791835
20003791836
20003791837
20003791838
20003791839
20003791840
20003791841
20003791842
20003791843
20003791844
20003791845
20003791846
20003791847
20003791848
20003791849
20003791850
20003791851
20003791852
20003791853
20003791854
20003791855
20003791856
20003791857
20003791858
20003791859
20003791860
20003791861
20003791862
20003791863
20003791864
20003791865
20003791866
20003791867
20003791868
20003791869
20003791870
20003791871
20003791872
20003791873
20003791874
20003791875
20003791876
20003791877
20003791878
20003791879
20003791880
20003791881
20003791882
20003791883
20003791884
20003791885
20003791886
20003791887
20003791888
20003791889
20003791890
20003791891
20003791892
20003791893
20003791894
20003791895
20003791896
20003791897
20003791898
20003791899
20003791900
20003791901
20003791902
20003791903
20003791904
20003791905
20003791906
20003791907
20003791908
20003791909
20003791910
20003791911
20003791912
20003791913
20003791914
20003791915
20003791916
20003791917
20003791918
20003791919
20003791920
20003791921
20003791922
20003791923
20003791924
20003791925
20003791926
20003791927
20003791928
20003791929
20003791930
20003791931
20003791932
20003791933
20003791934
20003791935
20003791936
20003791937
20003791938
20003791939
20003791940
20003791941
20003791942
20003791943
20003791944
20003791945
20003791946
20003791947
20003791948
20003791949
20003791950
20003791951
20003791952
20003791953
20003791954
20003791955
20003791956
20003791957
20003791958
20003791959
20003791960
20003791961
20003791962
20003791963
20003791964
20003791965
20003791966
20003791967
20003791968
20003791969
20003791970
20003791971
20003791972
20003791973
20003791974
20003791975
20003791976
20003791977
20003791978
20003791979
20003791980
20003791981
20003791982
20003791983
20003791984
20003791985
20003791986
20003791987
20003791988
20003791989
20003791990
20003791991
20003791992
20003791993
20003791994
20003791995
20003791996
20003791997
20003791998
20003791999
20003792000
20003792001
20003792002
20003792003
20003792004
20003792005
20003792006
20003792007
20003792008
20003792009
20003792010
20003792011
20003792012
20003792013
20003792014
20003792015
20003792016
20003792017
20003792018
20003792019
20003792020
20003792021
20003792022
20003792023
20003792024
20003792025
20003792026
20003792027
20003792028
20003792029
20003792030
20003792031
20003792032
20003792033
20003792034
20003792035
20003792036
20003792037
20003792038
20003792039
20003792040
20003792041
20003792042
20003792043
20003792044
20003792045
20003792046
20003792047
20003792048
20003792049
20003792050
20003792051
20003792052
20003792053
20003792054
20003792055
20003792056
20003792057
20003792058
20003792059
20003792060
20003792061
20003792062
20003792063
20003792064
20003792065
20003792066
20003792067
20003792068
20003792069
20003792070
20003792071
20003792072
20003792073
20003792074
20003792075
20003792076
20003792077
20003792078
20003792079
20003792080
20003792081
20003792082
20003792083
20003792084
20003792085
20003792086
20003792087
20003792088
20003792089
20003792090
20003792091
20003792092
20003792093
20003792094
20003792095
20003792096
20003792097
20003792098
20003792099
20003792100
20003792101
20003792102
20003792103
20003792104
20003792105
20003792106
20003792107
20003792108
20003792109
20003792110
20003792111
20003792112
20003792113
20003792114
20003792115
20003792116
20003792117
20003792118
20003792119
20003792120
20003792121
20003792122
20003792123
20003792124
20003792125
20003792126
20003792127
20003792128
20003792129
20003792130
20003792131
20003792132
20003792133
20003792134
20003792135
20003792136
20003792137
20003792138
20003792139
20003792140
20003792141
20003792142
20003792143
20003792144
20003792145
20003792146
20003792147
20003792148
20003792149
20003792150
20003792151
20003792152
20003792153
20003792154
20003792155
20003792156
20003792157
20003792158
20003792159
20003792160
20003792161
20003792162
20003792163
20003792164
20003792165
20003792166
20003792167
20003792168
20003792169
20003792170
20003792171
20003792172
20003792173
20003792174
20003792175
20003792176
20003792177
20003792178
20003792179
20003792180
20003792181
20003792182
20003792183
20003792184
20003792185
20003792186
20003792187
20003792188
20003792189
20003792190
20003792191
20003792192
20003792193
20003792194
20003792195
20003792196
20003792197
20003792198
20003792199
20003792200
20003792201
20003792202
20003792203
20003792204
20003792205
20003792206
20003792207
20003792208
20003792209
20003792210
20003792211
20003792212
20003792213
20003792214
20003792215
20003792216
20003792217
20003792218
20003792219
20003792220
20003792221
20003792222
20003792223
20003792224
20003792225
20003792226
20003792227
20003792228
20003792229
20003792230
20003792231
20003792232
20003792233
20003792234
20003792235
20003792236
20003792237
20003792238
20003792239
20003792240
20003792241
20003792242
20003792243
20003792244
20003792245
20003792246
20003792247
20003792248
20003792249
20003792250
20003792251
20003792252
20003792253
20003792254
20003792255
20003792256
20003792257
20003792258
20003792259
20003792260
20003792261
20003792262
20003792263
20003792264
20003792265
20003792266
20003792267
20003792268
20003792269
20003792270
20003792271
20003792272
20003792273
20003792274
20003792275
20003792276
20003792277
20003792278
20003792279
20003792280
20003792281
20003792282
20003792283
20003792284
20003792285
20003792286
20003792287
20003792288
20003792289
20003792290
20003792291
20003792292
20003792293
20003792294
20003792295
20003792296
20003792297
20003792298
20003792299
20003792300
20003792301
20003792302
20003792303
20003792304
20003792305
20003792306
20003792307
20003792308
20003792309
20003792310
20003792311
20003792312
20003792313
20003792314
20003792315
20003792316
20003792317
20003792318
20003792319
20003792320
20003792321
20003792322
20003792323
20003792324
20003792325
20003792326
20003792327
20003792328
20003792329
20003792330
20003792331
20003792332
20003792333
20003792334
20003792335
20003792336
20003792337
20003792338
20003792339
20003792340
20003792341
20003792342
20003792343
20003792344
20003792345
20003792346
20003792347
20003792348
20003792349
20003792350
20003792351
20003792352
20003792353
20003792354
20003792355
20003792356
20003792357
20003792358
20003792359
20003792360
20003792361
20003792362
20003792363
20003792364
20003792365
20003792366
20003792367
20003792368
20003792369
20003792370
20003792371
20003792372
20003792373
20003792374
20003792375
20003792376
20003792377
20003792378
20003792379
20003792380
20003792381
20003792382
20003792383
20003792384
20003792385
20003792386
20003792387
20003792388
20003792389
20003792390
20003792391
20003792392
20003792393
20003792394
20003792395
20003792396
20003792397
20003792398
20003792399
20003792400
20003792401
20003792402
20003792403
20003792404
20003792405
20003792406
20003792407
20003792408
20003792409
20003792410
20003792411
20003792412
20003792413
20003792414
20003792415
20003792416
20003792417
20003792418
20003792419
20003792420
20003792421
20003792422
20003792423
20003792424
20003792425
20003792426
20003792427
20003792428
20003792429
20003792430
20003792431
20003792432
20003792433
20003792434
20003792435
20003792436
20003792437
20003792438
20003792439
20003792440
20003792441
20003792442
20003792443
20003792444
20003792445
20003792446
20003792447
20003792448
20003792449
20003792450
20003792451
20003792452
20003792453
20003792454
20003792455
20003792456
20003792457
20003792458
20003792459
20003792460
20003792461
20003792462
20003792463
20003792464
20003792465
20003792466
20003792467
20003792468
20003792469
20003792470
20003792471
20003792472
20003792473
20003792474
20003792475
20003792476
20003792477
20003792478
20003792479
20003792480
20003792481
20003792482
20003792483
20003792484
20003792485
20003792486
20003792487
20003792488
20003792489
20003792490
20003792491
20003792492
20003792493
20003792494
20003792495
20003792496
20003792497
20003792498
20003792499
20003792500
20003792501
20003792502
20003792503
20003792504
20003792505
20003792506
20003792507
20003792508
20003792509
20003792510
20003792511
20003792512
20003792513
20003792514
20003792515
20003792516
20003792517
20003792518
20003792519
20003792520
20003792521
20003792522
20003792523
20003792524
20003792525
20003792526
20003792527
20003792528
20003792529
20003792530
20003792531
20003792532
20003792533
20003792534
20003792535
20003792536
20003792537
20003792538
20003792539
20003792540
20003792541
20003792542
20003792543
20003792544
20003792545
20003792546
20003792547
20003792548
20003792549
20003792550
20003792551
20003792552
20003792553
20003792554
20003792555
20003792556
20003792557
20003792558
20003792559
20003792560
20003792561
20003792562
20003792563
20003792564
20003792565
20003792566
20003792567
20003792568
20003792569
20003792570
20003792571
20003792572
20003792573
20003792574
20003792575
20003792576
20003792577
20003792578
20003792579
20003792580
20003792581
20003792582
20003792583
20003792584
20003792585
20003792586
20003792587
20003792588
20003792589
20003792590
20003792591
20003792592
20003792593
20003792594
20003792595
20003792596
20003792597
20003792598
20003792599
20003792600
20003792601
20003792602
20003792603
20003792604
20003792605
20003792606
20003792607
20003792608
20003792609
20003792610
20003792611
20003792612
20003792613
20003792614
20003792615
20003792616
20003792617
20003792618
20003792619
20003792620
20003792621
20003792622
20003792623
20003792624
20003792625
20003792626
20003792627
20003792628
20003792629
20003792630
20003792631
20003792632
20003792633
20003792634
20003792635
20003792636
20003792637
20003792638
20003792639
20003792640
20003792641
20003792642
20003792643
20003792644
20003792645
20003792646
20003792647
20003792648
20003792649
20003792650
20003792651
20003792652
20003792653
20003792654
20003792655
20003792656
20003792657
20003792658
20003792659
20003792660
20003792661
20003792662
20003792663
20003792664
20003792665
20003792666
20003792667
20003792668
20003792669
20003792670
20003792671
20003792672
20003792673
20003792674
20003792675
20003792676
20003792677
20003792678
20003792679
20003792680
20003792681
20003792682
20003792683
20003792684
20003792685
20003792686
20003792687
20003792688
20003792689
20003792690
20003792691
20003792692
20003792693
20003792694
20003792695
20003792696
20003792697
20003792698
20003792699
20003792700
20003792701
20003792702
20003792703
20003792704
20003792705
20003792706
20003792707
20003792708
20003792709
20003792710
20003792711
20003792712
20003792713
20003792714
20003792715
20003792716
20003792717
20003792718
20003792719
20003792720
20003792721
20003792722
20003792723
20003792724
20003792725
20003792726
20003792727
20003792728
20003792729
20003792730
20003792731
20003792732
20003792733
20003792734
20003792735
20003792736
20003792737
20003792738
20003792739
20003792740
20003792741
20003792742
20003792743
20003792744
20003792745
20003792746
20003792747
20003792748
20003792749
20003792750
20003792751
20003792752
20003792753
20003792754
20003792755
20003792756
20003792757
20003792758
20003792759
20003792760
20003792761
20003792762
20003792763
20003792764
20003792765
20003792766
20003792767
20003792768
20003792769
20003792770
20003792771
20003792772
20003792773
20003792774
20003792775
20003792776
20003792777
20003792778
20003792779
20003792780
20003792781
20003792782
20003792783
20003792784
20003792785
20003792786
20003792787
20003792788
20003792789
20003792790
20003792791
20003792792
20003792793
20003792794
20003792795
20003792796
20003792797
20003792798
20003792799
20003792800
20003792801
20003792802
20003792803
20003792804
20003792805
20003792806
20003792807
20003792808
20003792809
20003792810
20003792811
20003792812
20003792813
20003792814
20003792815
20003792816
20003792817
20003792818
20003792819
20003792820
20003792821
20003792822
20003792823
20003792824
20003792825
20003792826
20003792827
20003792828
20003792829
20003792830
20003792831
20003792832
20003792833
20003792834
20003792835
20003792836
20003792837
20003792838
20003792839
20003792840
20003792841
20003792842
20003792843
20003792844
20003792845
20003792846
20003792847
20003792848
20003792849
20003792850
20003792851
20003792852
20003792853
20003792854
20003792855
20003792856
20003792857
20003792858
20003792859
20003792860
20003792861
20003792862
20003792863
20003792864
20003792865
20003792866
20003792867
20003792868
20003792869
20003792870
20003792871
20003792872
20003792873
20003792874
20003792875
20003792876
20003792877
20003792878
20003792879
20003792880
20003792881
20003792882
20003792883
20003792884
20003792885
20003792886
20003792887
20003792888
20003792889
20003792890
20003792891
20003792892
20003792893
20003792894
20003792895
20003792896
20003792897
20003792898
20003792899
20003792900
20003792901
20003792902
20003792903
20003792904
20003792905
20003792906
20003792907
20003792908
20003792909
20003792910
20003792911
20003792912
20003792913
20003792914
20003792915
20003792916
20003792917
20003792918
20003792919
20003792920
20003792921
20003792922
20003792923
20003792924
20003792925
20003792926
20003792927
20003792928
20003792929
20003792930
20003792931
20003792932
20003792933
20003792934
20003792935
20003792936
20003792937
20003792938
20003792939
20003792940
20003792941
20003792942
20003792943
20003792944
20003792945
20003792946
20003792947
20003792948
20003792949
20003792950
20003792951
20003792952
20003792953
20003792954
20003792955
20003792956
20003792957
20003792958
20003792959
20003792960
20003792961
20003792962
20003792963
20003792964
20003792965
20003792966
20003792967
20003792968
20003792969
20003792970
20003792971
20003792972
20003792973
20003792974
20003792975
20003792976
20003792977
20003792978
20003792979
20003792980
20003792981
20003792982
20003792983
20003792984
20003792985
20003792986
20003792987
20003792988
20003792989
20003792990
20003792991
20003792992
20003792993
20003792994
20003792995
20003792996
20003792997
20003792998
20003792999
20003793000
20003793001
20003793002
20003793003
20003793004
20003793005
20003793006
20003793007
20003793008
20003793009
20003793010
20003793011
20003793012
20003793013
20003793014
20003793015
20003793016
20003793017
20003793018
20003793019
20003793020
20003793021
20003793022
20003793023
20003793024
20003793025
20003793026
20003793027
20003793028
20003793029
20003793030
20003793031
20003793032
20003793033
20003793034
20003793035
20003793036
20003793037
20003793038
20003793039
20003793040
20003793041
20003793042
20003793043
20003793044
20003793045
20003793046
20003793047
20003793048
20003793049
20003793050
20003793051
20003793052
20003793053
20003793054
20003793055
20003793056
20003793057
20003793058
20003793059
20003793060
20003793061
20003793062
20003793063
20003793064
20003793065
20003793066
20003793067
20003793068
20003793069
20003793070
20003793071
20003793072
20003793073
20003793074
20003793075
20003793076
20003793077
20003793078
20003793079
20003793080
20003793081
20003793082
20003793083
20003793084
20003793085
20003793086
20003793087
20003793088
20003793089
20003793090
20003793091
20003793092
20003793093
20003793094
20003793095
20003793096
20003793097
20003793098
20003793099
20003793100
20003793101
20003793102
20003793103
20003793104
20003793105
20003793106
20003793107
20003793108
20003793109
20003793110
20003793111
20003793112
20003793113
20003793114
20003793115
20003793116
20003793117
20003793118
20003793119
20003793120
20003793121
20003793122
20003793123
20003793124
20003793125
20003793126
20003793127
20003793128
20003793129
20003793130
20003793131
20003793132
20003793133
20003793134
20003793135
20003793136
20003793137
20003793138
20003793139
20003793140
20003793141
20003793142
20003793143
20003793144
20003793145
20003793146
20003793147
20003793148
20003793149
20003793150
20003793151
20003793152
20003793153
20003793154
20003793155
20003793156
20003793157
20003793158
20003793159
20003793160
20003793161
20003793162
20003793163
20003793164
20003793165
20003793166
20003793167
20003793168
20003793169
20003793170
20003793171
20003793172
20003793173
20003793174
20003793175
20003793176
20003793177
20003793178
20003793179
20003793180
20003793181
20003793182
20003793183
20003793184
20003793185
20003793186
20003793187
20003793188
20003793189
20003793190
20003793191
20003793192
20003793193
20003793194
20003793195
20003793196
20003793197
20003793198
20003793199
20003793200
20003793201
20003793202
20003793203
20003793204
20003793205
20003793206
20003793207
20003793208
20003793209
20003793210
20003793211
20003793212
20003793213
20003793214
20003793215
20003793216
20003793217
20003793218
20003793219
20003793220
20003793221
20003793222
20003793223
20003793224
20003793225
20003793226
20003793227
20003793228
20003793229
20003793230
20003793231
20003793232
20003793233
20003793234
20003793235
20003793236
20003793237
20003793238
20003793239
20003793240
20003793241
20003793242
20003793243
20003793244
20003793245
20003793246
20003793247
20003793248
20003793249
20003793250
20003793251
20003793252
20003793253
20003793254
20003793255
20003793256
20003793257
20003793258
20003793259
20003793260
20003793261
20003793262
20003793263
20003793264
20003793265
20003793266
20003793267
20003793268
20003793269
20003793270
20003793271
20003793272
20003793273
20003793274
20003793275
20003793276
20003793277
20003793278
20003793279
20003793280
20003793281
20003793282
20003793283
20003793284
20003793285
20003793286
20003793287
20003793288
20003793289
20003793290
20003793291
20003793292
20003793293
20003793294
20003793295
20003793296
20003793297
20003793298
20003793299
20003793300
20003793301
20003793302
20003793303
20003793304
20003793305
20003793306
20003793307
20003793308
20003793309
20003793310
20003793311
20003793312
20003793313
20003793314
20003793315
20003793316
20003793317
20003793318
20003793319
20003793320
20003793321
20003793322
20003793323
20003793324
20003793325
20003793326
20003793327
20003793328
20003793329
20003793330
20003793331
20003793332
20003793333
20003793334
20003793335
20003793336
20003793337
20003793338
20003793339
20003793340
20003793341
20003793342
20003793343
20003793344
20003793345
20003793346
20003793347
20003793348
20003793349
20003793350
20003793351
20003793352
20003793353
20003793354
20003793355
20003793356
20003793357
20003793358
20003793359
20003793360
20003793361
20003793362
20003793363
20003793364
20003793365
20003793366
20003793367
20003793368
20003793369
20003793370
20003793371
20003793372
20003793373
20003793374
20003793375
20003793376
20003793377
20003793378
20003793379
20003793380
20003793381
20003793382
20003793383
20003793384
20003793385
20003793386
20003793387
20003793388
20003793389
20003793390
20003793391
20003793392
20003793393
20003793394
20003793395
20003793396
20003793397
20003793398
20003793399
20003793400
20003793401
20003793402
20003793403
20003793404
20003793405
20003793406
20003793407
20003793408
20003793409
20003793410
20003793411
20003793412
20003793413
20003793414
20003793415
20003793416
20003793417
20003793418
20003793419
20003793420
20003793421
20003793422
20003793423
20003793424
20003793425
20003793426
20003793427
20003793428
20003793429
20003793430
20003793431
20003793432
20003793433
20003793434
20003793435
20003793436
20003793437
20003793438
20003793439
20003793440
20003793441
20003793442
20003793443
20003793444
20003793445
20003793446
20003793447
20003793448
20003793449
20003793450
20003793451
20003793452
20003793453
20003793454
20003793455
20003793456
20003793457
20003793458
20003793459
20003793460
20003793461
20003793462
20003793463
20003793464
20003793465
20003793466
20003793467
20003793468
20003793469
20003793470
20003793471
20003793472
20003793473
20003793474
20003793475
20003793476
20003793477
20003793478
20003793479
20003793480
20003793481
20003793482
20003793483
20003793484
20003793485
20003793486
20003793487
20003793488
20003793489
20003793490
20003793491
20003793492
20003793493
20003793494
20003793495
20003793496
20003793497
20003793498
20003793499
20003793500
20003793501
20003793502
20003793503
20003793504
20003793505
20003793506
20003793507
20003793508
20003793509
20003793510
20003793511
20003793512
20003793513
20003793514
20003793515
20003793516
20003793517
20003793518
20003793519
20003793520
20003793521
20003793522
20003793523
20003793524
20003793525
20003793526
20003793527
20003793528
20003793529
20003793530
20003793531
20003793532
20003793533
20003793534
20003793535
20003793536
20003793537
20003793538
20003793539
20003793540
20003793541
20003793542
20003793543
20003793544
20003793545
20003793546
20003793547
20003793548
20003793549
20003793550
20003793551
20003793552
20003793553
20003793554
20003793555
20003793556
20003793557
20003793558
20003793559
20003793560
20003793561
20003793562
20003793563
20003793564
20003793565
20003793566
20003793567
20003793568
20003793569
20003793570
20003793571
20003793572
20003793573
20003793574
20003793575
20003793576
20003793577
20003793578
20003793579
20003793580
20003793581
20003793582
20003793583
20003793584
20003793585
20003793586
20003793587
20003793588
20003793589
20003793590
20003793591
20003793592
20003793593
20003793594
20003793595
20003793596
20003793597
20003793598
20003793599
20003793600
20003793601
20003793602
20003793603
20003793604
20003793605
20003793606
20003793607
20003793608
20003793609
20003793610
20003793611
20003793612
20003793613
20003793614
20003793615
20003793616
20003793617
20003793618
20003793619
20003793620
20003793621
20003793622
20003793623
20003793624
20003793625
20003793626
20003793627
20003793628
20003793629
20003793630
20003793631
20003793632
20003793633
20003793634
20003793635
20003793636
20003793637
20003793638
20003793639
20003793640
20003793641
20003793642
20003793643
20003793644
20003793645
20003793646
20003793647
20003793648
20003793649
20003793650
20003793651
20003793652
20003793653
20003793654
20003793655
20003793656
20003793657
20003793658
20003793659
20003793660
20003793661
20003793662
20003793663
20003793664
20003793665
20003793666
20003793667
20003793668
20003793669
20003793670
20003793671
20003793672
20003793673
20003793674
20003793675
20003793676
20003793677
20003793678
20003793679
20003793680
20003793681
20003793682
20003793683
20003793684
20003793685
20003793686
20003793687
20003793688
20003793689
20003793690
20003793691
20003793692
20003793693
20003793694
20003793695
20003793696
20003793697
20003793698
20003793699
20003793700
20003793701
20003793702
20003793703
20003793704
20003793705
20003793706
20003793707
20003793708
20003793709
20003793710
20003793711
20003793712
20003793713
20003793714
20003793715
20003793716
20003793717
20003793718
20003793719
20003793720
20003793721
20003793722
20003793723
20003793724
20003793725
20003793726
20003793727
20003793728
20003793729
20003793730
20003793731
20003793732
20003793733
20003793734
20003793735
20003793736
20003793737
20003793738
20003793739
20003793740
20003793741
20003793742
20003793743
20003793744
20003793745
20003793746
20003793747
20003793748
20003793749
20003793750
20003793751
20003793752
20003793753
20003793754
20003793755
20003793756
20003793757
20003793758
20003793759
20003793760
20003793761
20003793762
20003793763
20003793764
20003793765
20003793766
20003793767
20003793768
20003793769
20003793770
20003793771
20003793772
20003793773
20003793774
20003793775
20003793776
20003793777
20003793778
20003793779
20003793780
20003793781
20003793782
20003793783
20003793784
20003793785
20003793786
20003793787
20003793788
20003793789
20003793790
20003793791
20003793792
20003793793
20003793794
20003793795
20003793796
20003793797
20003793798
20003793799
20003793800
20003793801
20003793802
20003793803
20003793804
20003793805
20003793806
20003793807
20003793808
20003793809
20003793810
20003793811
20003793812
20003793813
20003793814
20003793815
20003793816
20003793817
20003793818
20003793819
20003793820
20003793821
20003793822
20003793823
20003793824
20003793825
20003793826
20003793827
20003793828
20003793829
20003793830
20003793831
20003793832
20003793833
20003793834
20003793835
20003793836
20003793837
20003793838
20003793839
20003793840
20003793841
20003793842
20003793843
20003793844
20003793845
20003793846
20003793847
20003793848
20003793849
20003793850
20003793851
20003793852
20003793853
20003793854
20003793855
20003793856
20003793857
20003793858
20003793859
20003793860
20003793861
20003793862
20003793863
20003793864
20003793865
20003793866
20003793867
20003793868
20003793869
20003793870
20003793871
20003793872
20003793873
20003793874
20003793875
20003793876
20003793877
20003793878
20003793879
20003793880
20003793881
20003793882
20003793883
20003793884
20003793885
20003793886
20003793887
20003793888
20003793889
20003793890
20003793891
20003793892
20003793893
20003793894
20003793895
20003793896
20003793897
20003793898
20003793899
20003793900
20003793901
20003793902
20003793903
20003793904
20003793905
20003793906
20003793907
20003793908
20003793909
20003793910
20003793911
20003793912
20003793913
20003793914
20003793915
20003793916
20003793917
20003793918
20003793919
20003793920
20003793921
20003793922
20003793923
20003793924
20003793925
20003793926
20003793927
20003793928
20003793929
20003793930
20003793931
20003793932
20003793933
20003793934
20003793935
20003793936
20003793937
20003793938
20003793939
20003793940
20003793941
20003793942
20003793943
20003793944
20003793945
20003793946
20003793947
20003793948
20003793949
20003793950
20003793951
20003793952
20003793953
20003793954
20003793955
20003793956
20003793957
20003793958
20003793959
20003793960
20003793961
20003793962
20003793963
20003793964
20003793965
20003793966
20003793967
20003793968
20003793969
20003793970
20003793971
20003793972
20003793973
20003793974
20003793975
20003793976
20003793977
20003793978
20003793979
20003793980
20003793981
20003793982
20003793983
20003793984
20003793985
20003793986
20003793987
20003793988
20003793989
20003793990
20003793991
20003793992
20003793993
20003793994
20003793995
20003793996
20003793997
20003793998
20003793999
20003794000
20003794001
20003794002
20003794003
20003794004
20003794005
20003794006
20003794007
20003794008
20003794009
20003794010
20003794011
20003794012
20003794013
20003794014
20003794015
20003794016
20003794017
20003794018
20003794019
20003794020
20003794021
20003794022
20003794023
20003794024
20003794025
20003794026
20003794027
20003794028
20003794029
20003794030
20003794031
20003794032
20003794033
20003794034
20003794035
20003794036
20003794037
20003794038
20003794039
20003794040
20003794041
20003794042
20003794043
20003794044
20003794045
20003794046
20003794047
20003794048
20003794049
20003794050
20003794051
20003794052
20003794053
20003794054
20003794055
20003794056
20003794057
20003794058
20003794059
20003794060
20003794061
20003794062
20003794063
20003794064
20003794065
20003794066
20003794067
20003794068
20003794069
20003794070
20003794071
20003794072
20003794073
20003794074
20003794075
20003794076
20003794077
20003794078
20003794079
20003794080
20003794081
20003794082
20003794083
20003794084
20003794085
20003794086
20003794087
20003794088
20003794089
20003794090
20003794091
20003794092
20003794093
20003794094
20003794095
20003794096
20003794097
20003794098
20003794099
20003794100
20003794101
20003794102
20003794103
20003794104
20003794105
20003794106
20003794107
20003794108
20003794109
20003794110
20003794111
20003794112
20003794113
20003794114
20003794115
20003794116
20003794117
20003794118
20003794119
20003794120
20003794121
20003794122
20003794123
20003794124
20003794125
20003794126
20003794127
20003794128
20003794129
20003794130
20003794131
20003794132
20003794133
20003794134
20003794135
20003794136
20003794137
20003794138
20003794139
20003794140
20003794141
20003794142
20003794143
20003794144
20003794145
20003794146
20003794147
20003794148
20003794149
20003794150
20003794151
20003794152
20003794153
20003794154
20003794155
20003794156
20003794157
20003794158
20003794159
20003794160
20003794161
20003794162
20003794163
20003794164
20003794165
20003794166
20003794167
20003794168
20003794169
20003794170
20003794171
20003794172
20003794173
20003794174
20003794175
20003794176
20003794177
20003794178
20003794179
20003794180
20003794181
20003794182
20003794183
20003794184
20003794185
20003794186
20003794187
20003794188
20003794189
20003794190
20003794191
20003794192
20003794193
20003794194
20003794195
20003794196
20003794197
20003794198
20003794199
20003794200
20003794201
20003794202
20003794203
20003794204
20003794205
20003794206
20003794207
20003794208
20003794209
20003794210
20003794211
20003794212
20003794213
20003794214
20003794215
20003794216
20003794217
20003794218
20003794219
20003794220
20003794221
20003794222
20003794223
20003794224
20003794225
20003794226
20003794227
20003794228
20003794229
20003794230
20003794231
20003794232
20003794233
20003794234
20003794235
20003794236
20003794237
20003794238
20003794239
20003794240
20003794241
20003794242
20003794243
20003794244
20003794245
20003794246
20003794247
20003794248
20003794249
20003794250
20003794251
20003794252
20003794253
20003794254
20003794255
20003794256
20003794257
20003794258
20003794259
20003794260
20003794261
20003794262
20003794263
20003794264
20003794265
20003794266
20003794267
20003794268
20003794269
20003794270
20003794271
20003794272
20003794273
20003794274
20003794275
20003794276
20003794277
20003794278
20003794279
20003794280
20003794281
20003794282
20003794283
20003794284
20003794285
20003794286
20003794287
20003794288
20003794289
20003794290
20003794291
20003794292
20003794293
20003794294
20003794295
20003794296
20003794297
20003794298
20003794299
20003794300
20003794301
20003794302
20003794303
20003794304
20003794305
20003794306
20003794307
20003794308
20003794309
20003794310
20003794311
20003794312
20003794313
20003794314
20003794315
20003794316
20003794317
20003794318
20003794319
20003794320
20003794321
20003794322
20003794323
20003794324
20003794325
20003794326
20003794327
20003794328
20003794329
20003794330
20003794331
20003794332
20003794333
20003794334
20003794335
20003794336
20003794337
20003794338
20003794339
20003794340
20003794341
20003794342
20003794343
20003794344
20003794345
20003794346
20003794347
20003794348
20003794349
20003794350
20003794351
20003794352
20003794353
20003794354
20003794355
20003794356
20003794357
20003794358
20003794359
20003794360
20003794361
20003794362
20003794363
20003794364
20003794365
20003794366
20003794367
20003794368
20003794369
20003794370
20003794371
20003794372
20003794373
20003794374
20003794375
20003794376
20003794377
20003794378
20003794379
20003794380
20003794381
20003794382
20003794383
20003794384
20003794385
20003794386
20003794387
20003794388
20003794389
20003794390
20003794391
20003794392
20003794393
20003794394
20003794395
20003794396
20003794397
20003794398
20003794399
20003794400
20003794401
20003794402
20003794403
20003794404
20003794405
20003794406
20003794407
20003794408
20003794409
20003794410
20003794411
20003794412
20003794413
20003794414
20003794415
20003794416
20003794417
20003794418
20003794419
20003794420
20003794421
20003794422
20003794423
20003794424
20003794425
20003794426
20003794427
20003794428
20003794429
20003794430
20003794431
20003794432
20003794433
20003794434
20003794435
20003794436
20003794437
20003794438
20003794439
20003794440
20003794441
20003794442
20003794443
20003794444
20003794445
20003794446
20003794447
20003794448
20003794449
20003794450
20003794451
20003794452
20003794453
20003794454
20003794455
20003794456
20003794457
20003794458
20003794459
20003794460
20003794461
20003794462
20003794463
20003794464
20003794465
20003794466
20003794467
20003794468
20003794469
20003794470
20003794471
20003794472
20003794473
20003794474
20003794475
20003794476
20003794477
20003794478
20003794479
20003794480
20003794481
20003794482
20003794483
20003794484
20003794485
20003794486
20003794487
20003794488
20003794489
20003794490
20003794491
20003794492
20003794493
20003794494
20003794495
20003794496
20003794497
20003794498
20003794499
20003794500
20003794501
20003794502
20003794503
20003794504
20003794505
20003794506
20003794507
20003794508
20003794509
20003794510
20003794511
20003794512
20003794513
20003794514
20003794515
20003794516
20003794517
20003794518
20003794519
20003794520
20003794521
20003794522
20003794523
20003794524
20003794525
20003794526
20003794527
20003794528
20003794529
20003794530
20003794531
20003794532
20003794533
20003794534
20003794535
20003794536
20003794537
20003794538
20003794539
20003794540
20003794541
20003794542
20003794543
20003794544
20003794545
20003794546
20003794547
20003794548
20003794549
20003794550
20003794551
20003794552
20003794553
20003794554
20003794555
20003794556
20003794557
20003794558
20003794559
20003794560
20003794561
20003794562
20003794563
20003794564
20003794565
20003794566
20003794567
20003794568
20003794569
20003794570
20003794571
20003794572
20003794573
20003794574
20003794575
20003794576
20003794577
20003794578
20003794579
20003794580
20003794581
20003794582
20003794583
20003794584
20003794585
20003794586
20003794587
20003794588
20003794589
20003794590
20003794591
20003794592
20003794593
20003794594
20003794595
20003794596
20003794597
20003794598
20003794599
20003794600
20003794601
20003794602
20003794603
20003794604
20003794605
20003794606
20003794607
20003794608
20003794609
20003794610
20003794611
20003794612
20003794613
20003794614
20003794615
20003794616
20003794617
20003794618
20003794619
20003794620
20003794621
20003794622
20003794623
20003794624
20003794625
20003794626
20003794627
20003794628
20003794629
20003794630
20003794631
20003794632
20003794633
20003794634
20003794635
20003794636
20003794637
20003794638
20003794639
20003794640
20003794641
20003794642
20003794643
20003794644
20003794645
20003794646
20003794647
20003794648
20003794649
20003794650
20003794651
20003794652
20003794653
20003794654
20003794655
20003794656
20003794657
20003794658
20003794659
20003794660
20003794661
20003794662
20003794663
20003794664
20003794665
20003794666
20003794667
20003794668
20003794669
20003794670
20003794671
20003794672
20003794673
20003794674
20003794675
20003794676
20003794677
20003794678
20003794679
20003794680
20003794681
20003794682
20003794683
20003794684
20003794685
20003794686
20003794687
20003794688
20003794689
20003794690
20003794691
20003794692
20003794693
20003794694
20003794695
20003794696
20003794697
20003794698
20003794699
20003794700
20003794701
20003794702
20003794703
20003794704
20003794705
20003794706
20003794707
20003794708
20003794709
20003794710
20003794711
20003794712
20003794713
20003794714
20003794715
20003794716
20003794717
20003794718
20003794719
20003794720
20003794721
20003794722
20003794723
20003794724
20003794725
20003794726
20003794727
20003794728
20003794729
20003794730
20003794731
20003794732
20003794733
20003794734
20003794735
20003794736
20003794737
20003794738
20003794739
20003794740
20003794741
20003794742
20003794743
20003794744
20003794745
20003794746
20003794747
20003794748
20003794749
20003794750
20003794751
20003794752
20003794753
20003794754
20003794755
20003794756
20003794757
20003794758
20003794759
20003794760
20003794761
20003794762
20003794763
20003794764
20003794765
20003794766
20003794767
20003794768
20003794769
20003794770
20003794771
20003794772
20003794773
20003794774
20003794775
20003794776
20003794777
20003794778
20003794779
20003794780
20003794781
20003794782
20003794783
20003794784
20003794785
20003794786
20003794787
20003794788
20003794789
20003794790
20003794791
20003794792
20003794793
20003794794
20003794795
20003794796
20003794797
20003794798
20003794799
20003794800
20003794801
20003794802
20003794803
20003794804
20003794805
20003794806
20003794807
20003794808
20003794809
20003794810
20003794811
20003794812
20003794813
20003794814
20003794815
20003794816
20003794817
20003794818
20003794819
20003794820
20003794821
20003794822
20003794823
20003794824
20003794825
20003794826
20003794827
20003794828
20003794829
20003794830
20003794831
20003794832
20003794833
20003794834
20003794835
20003794836
20003794837
20003794838
20003794839
20003794840
20003794841
20003794842
20003794843
20003794844
20003794845
20003794846
20003794847
20003794848
20003794849
20003794850
20003794851
20003794852
20003794853
20003794854
20003794855
20003794856
20003794857
20003794858
20003794859
20003794860
20003794861
20003794862
20003794863
20003794864
20003794865
20003794866
20003794867
20003794868
20003794869
20003794870
20003794871
20003794872
20003794873
20003794874
20003794875
20003794876
20003794877
20003794878
20003794879
20003794880
20003794881
20003794882
20003794883
20003794884
20003794885
20003794886
20003794887
20003794888
20003794889
20003794890
20003794891
20003794892
20003794893
20003794894
20003794895
20003794896
20003794897
20003794898
20003794899
20003794900
20003794901
20003794902
20003794903
20003794904
20003794905
20003794906
20003794907
20003794908
20003794909
20003794910
20003794911
20003794912
20003794913
20003794914
20003794915
20003794916
20003794917
20003794918
20003794919
20003794920
20003794921
20003794922
20003794923
20003794924
20003794925
20003794926
20003794927
20003794928
20003794929
20003794930
20003794931
20003794932
20003794933
20003794934
20003794935
20003794936
20003794937
20003794938
20003794939
20003794940
20003794941
20003794942
20003794943
20003794944
20003794945
20003794946
20003794947
20003794948
20003794949
20003794950
20003794951
20003794952
20003794953
20003794954
20003794955
20003794956
20003794957
20003794958
20003794959
20003794960
20003794961
20003794962
20003794963
20003794964
20003794965
20003794966
20003794967
20003794968
20003794969
20003794970
20003794971
20003794972
20003794973
20003794974
20003794975
20003794976
20003794977
20003794978
20003794979
20003794980
20003794981
20003794982
20003794983
20003794984
20003794985
20003794986
20003794987
20003794988
20003794989
20003794990
20003794991
20003794992
20003794993
20003794994
20003794995
20003794996
20003794997
20003794998
20003794999
20003795000
20003795001
20003795002
20003795003
20003795004
20003795005
20003795006
20003795007
20003795008
20003795009
20003795010
20003795011
20003795012
20003795013
20003795014
20003795015
20003795016
20003795017
20003795018
20003795019
20003795020
20003795021
20003795022
20003795023
20003795024
20003795025
20003795026
20003795027
20003795028
20003795029
20003795030
20003795031
20003795032
20003795033
20003795034
20003795035
20003795036
20003795037
20003795038
20003795039
20003795040
20003795041
20003795042
20003795043
20003795044
20003795045
20003795046
20003795047
20003795048
20003795049
20003795050
20003795051
20003795052
20003795053
20003795054
20003795055
20003795056
20003795057
20003795058
20003795059
20003795060
20003795061
20003795062
20003795063
20003795064
20003795065
20003795066
20003795067
20003795068
20003795069
20003795070
20003795071
20003795072
20003795073
20003795074
20003795075
20003795076
20003795077
20003795078
20003795079
20003795080
20003795081
20003795082
20003795083
20003795084
20003795085
20003795086
20003795087
20003795088
20003795089
20003795090
20003795091
20003795092
20003795093
20003795094
20003795095
20003795096
20003795097
20003795098
20003795099
20003795100
20003795101
20003795102
20003795103
20003795104
20003795105
20003795106
20003795107
20003795108
20003795109
20003795110
20003795111
20003795112
20003795113
20003795114
20003795115
20003795116
20003795117
20003795118
20003795119
20003795120
20003795121
20003795122
20003795123
20003795124
20003795125
20003795126
20003795127
20003795128
20003795129
20003795130
20003795131
20003795132
20003795133
20003795134
20003795135
20003795136
20003795137
20003795138
20003795139
20003795140
20003795141
20003795142
20003795143
20003795144
20003795145
20003795146
20003795147
20003795148
20003795149
20003795150
20003795151
20003795152
20003795153
20003795154
20003795155
20003795156
20003795157
20003795158
20003795159
20003795160
20003795161
20003795162
20003795163
20003795164
20003795165
20003795166
20003795167
20003795168
20003795169
20003795170
20003795171
20003795172
20003795173
20003795174
20003795175
20003795176
20003795177
20003795178
20003795179
20003795180
20003795181
20003795182
20003795183
20003795184
20003795185
20003795186
20003795187
20003795188
20003795189
20003795190
20003795191
20003795192
20003795193
20003795194
20003795195
20003795196
20003795197
20003795198
20003795199
20003795200
20003795201
20003795202
20003795203
20003795204
20003795205
20003795206
20003795207
20003795208
20003795209
20003795210
20003795211
20003795212
20003795213
20003795214
20003795215
20003795216
20003795217
20003795218
20003795219
20003795220
20003795221
20003795222
20003795223
20003795224
20003795225
20003795226
20003795227
20003795228
20003795229
20003795230
20003795231
20003795232
20003795233
20003795234
20003795235
20003795236
20003795237
20003795238
20003795239
20003795240
20003795241
20003795242
20003795243
20003795244
20003795245
20003795246
20003795247
20003795248
20003795249
20003795250
20003795251
20003795252
20003795253
20003795254
20003795255
20003795256
20003795257
20003795258
20003795259
20003795260
20003795261
20003795262
20003795263
20003795264
20003795265
20003795266
20003795267
20003795268
20003795269
20003795270
20003795271
20003795272
20003795273
20003795274
20003795275
20003795276
20003795277
20003795278
20003795279
20003795280
20003795281
20003795282
20003795283
20003795284
20003795285
20003795286
20003795287
20003795288
20003795289
20003795290
20003795291
20003795292
20003795293
20003795294
20003795295
20003795296
20003795297
20003795298
20003795299
20003795300
20003795301
20003795302
20003795303
20003795304
20003795305
20003795306
20003795307
20003795308
20003795309
20003795310
20003795311
20003795312
20003795313
20003795314
20003795315
20003795316
20003795317
20003795318
20003795319
20003795320
20003795321
20003795322
20003795323
20003795324
20003795325
20003795326
20003795327
20003795328
20003795329
20003795330
20003795331
20003795332
20003795333
20003795334
20003795335
20003795336
20003795337
20003795338
20003795339
20003795340
20003795341
20003795342
20003795343
20003795344
20003795345
20003795346
20003795347
20003795348
20003795349
20003795350
20003795351
20003795352
20003795353
20003795354
20003795355
20003795356
20003795357
20003795358
20003795359
20003795360
20003795361
20003795362
20003795363
20003795364
20003795365
20003795366
20003795367
20003795368
20003795369
20003795370
20003795371
20003795372
20003795373
20003795374
20003795375
20003795376
20003795377
20003795378
20003795379
20003795380
20003795381
20003795382
20003795383
20003795384
20003795385
20003795386
20003795387
20003795388
20003795389
20003795390
20003795391
20003795392
20003795393
20003795394
20003795395
20003795396
20003795397
20003795398
20003795399
20003795400
20003795401
20003795402
20003795403
20003795404
20003795405
20003795406
20003795407
20003795408
20003795409
20003795410
20003795411
20003795412
20003795413
20003795414
20003795415
20003795416
20003795417
20003795418
20003795419
20003795420
20003795421
20003795422
20003795423
20003795424
20003795425
20003795426
20003795427
20003795428
20003795429
20003795430
20003795431
20003795432
20003795433
20003795434
20003795435
20003795436
20003795437
20003795438
20003795439
20003795440
20003795441
20003795442
20003795443
20003795444
20003795445
20003795446
20003795447
20003795448
20003795449
20003795450
20003795451
20003795452
20003795453
20003795454
20003795455
20003795456
20003795457
20003795458
20003795459
20003795460
20003795461
20003795462
20003795463
20003795464
20003795465
20003795466
20003795467
20003795468
20003795469
20003795470
20003795471
20003795472
20003795473
20003795474
20003795475
20003795476
20003795477
20003795478
20003795479
20003795480
20003795481
20003795482
20003795483
20003795484
20003795485
20003795486
20003795487
20003795488
20003795489
20003795490
20003795491
20003795492
20003795493
20003795494
20003795495
20003795496
20003795497
20003795498
20003795499
20003795500
20003795501
20003795502
20003795503
20003795504
20003795505
20003795506
20003795507
20003795508
20003795509
20003795510
20003795511
20003795512
20003795513
20003795514
20003795515
20003795516
20003795517
20003795518
20003795519
20003795520
20003795521
20003795522
20003795523
20003795524
20003795525
20003795526
20003795527
20003795528
20003795529
20003795530
20003795531
20003795532
20003795533
20003795534
20003795535
20003795536
20003795537
20003795538
20003795539
20003795540
20003795541
20003795542
20003795543
20003795544
20003795545
20003795546
20003795547
20003795548
20003795549
20003795550
20003795551
20003795552
20003795553
20003795554
20003795555
20003795556
20003795557
20003795558
20003795559
20003795560
20003795561
20003795562
20003795563
20003795564
20003795565
20003795566
20003795567
20003795568
20003795569
20003795570
20003795571
20003795572
20003795573
20003795574
20003795575
20003795576
20003795577
20003795578
20003795579
20003795580
20003795581
20003795582
20003795583
20003795584
20003795585
20003795586
20003795587
20003795588
20003795589
20003795590
20003795591
20003795592
20003795593
20003795594
20003795595
20003795596
20003795597
20003795598
20003795599
20003795600
20003795601
20003795602
20003795603
20003795604
20003795605
20003795606
20003795607
20003795608
20003795609
20003795610
20003795611
20003795612
20003795613
20003795614
20003795615
20003795616
20003795617
20003795618
20003795619
20003795620
20003795621
20003795622
20003795623
20003795624
20003795625
20003795626
20003795627
20003795628
20003795629
20003795630
20003795631
20003795632
20003795633
20003795634
20003795635
20003795636
20003795637
20003795638
20003795639
20003795640
20003795641
20003795642
20003795643
20003795644
20003795645
20003795646
20003795647
20003795648
20003795649
20003795650
20003795651
20003795652
20003795653
20003795654
20003795655
20003795656
20003795657
20003795658
20003795659
20003795660
20003795661
20003795662
20003795663
20003795664
20003795665
20003795666
20003795667
20003795668
20003795669
20003795670
20003795671
20003795672
20003795673
20003795674
20003795675
20003795676
20003795677
20003795678
20003795679
20003795680
20003795681
20003795682
20003795683
20003795684
20003795685
20003795686
20003795687
20003795688
20003795689
20003795690
20003795691
20003795692
20003795693
20003795694
20003795695
20003795696
20003795697
20003795698
20003795699
20003795700
20003795701
20003795702
20003795703
20003795704
20003795705
20003795706
20003795707
20003795708
20003795709
20003795710
20003795711
20003795712
20003795713
20003795714
20003795715
20003795716
20003795717
20003795718
20003795719
20003795720
20003795721
20003795722
20003795723
20003795724
20003795725
20003795726
20003795727
20003795728
20003795729
20003795730
20003795731
20003795732
20003795733
20003795734
20003795735
20003795736
20003795737
20003795738
20003795739
20003795740
20003795741
20003795742
20003795743
20003795744
20003795745
20003795746
20003795747
20003795748
20003795749
20003795750
20003795751
20003795752
20003795753
20003795754
20003795755
20003795756
20003795757
20003795758
20003795759
20003795760
20003795761
20003795762
20003795763
20003795764
20003795765
20003795766
20003795767
20003795768
20003795769
20003795770
20003795771
20003795772
20003795773
20003795774
20003795775
20003795776
20003795777
20003795778
20003795779
20003795780
20003795781
20003795782
20003795783
20003795784
20003795785
20003795786
20003795787
20003795788
20003795789
20003795790
20003795791
20003795792
20003795793
20003795794
20003795795
20003795796
20003795797
20003795798
20003795799
20003795800
20003795801
20003795802
20003795803
20003795804
20003795805
20003795806
20003795807
20003795808
20003795809
20003795810
20003795811
20003795812
20003795813
20003795814
20003795815
20003795816
20003795817
20003795818
20003795819
20003795820
20003795821
20003795822
20003795823
20003795824
20003795825
20003795826
20003795827
20003795828
20003795829
20003795830
20003795831
20003795832
20003795833
20003795834
20003795835
20003795836
20003795837
20003795838
20003795839
20003795840
20003795841
20003795842
20003795843
20003795844
20003795845
20003795846
20003795847
20003795848
20003795849
20003795850
20003795851
20003795852
20003795853
20003795854
20003795855
20003795856
20003795857
20003795858
20003795859
20003795860
20003795861
20003795862
20003795863
20003795864
20003795865
20003795866
20003795867
20003795868
20003795869
20003795870
20003795871
20003795872
20003795873
20003795874
20003795875
20003795876
20003795877
20003795878
20003795879
20003795880
20003795881
20003795882
20003795883
20003795884
20003795885
20003795886
20003795887
20003795888
20003795889
20003795890
20003795891
20003795892
20003795893
20003795894
20003795895
20003795896
20003795897
20003795898
20003795899
20003795900
20003795901
20003795902
20003795903
20003795904
20003795905
20003795906
20003795907
20003795908
20003795909
20003795910
20003795911
20003795912
20003795913
20003795914
20003795915
20003795916
20003795917
20003795918
20003795919
20003795920
20003795921
20003795922
20003795923
20003795924
20003795925
20003795926
20003795927
20003795928
20003795929
20003795930
20003795931
20003795932
20003795933
20003795934
20003795935
20003795936
20003795937
20003795938
20003795939
20003795940
20003795941
20003795942
20003795943
20003795944
20003795945
20003795946
20003795947
20003795948
20003795949
20003795950
20003795951
20003795952
20003795953
20003795954
20003795955
20003795956
20003795957
20003795958
20003795959
20003795960
20003795961
20003795962
20003795963
20003795964
20003795965
20003795966
20003795967
20003795968
20003795969
20003795970
20003795971
20003795972
20003795973
20003795974
20003795975
20003795976
20003795977
20003795978
20003795979
20003795980
20003795981
20003795982
20003795983
20003795984
20003795985
20003795986
20003795987
20003795988
20003795989
20003795990
20003795991
20003795992
20003795993
20003795994
20003795995
20003795996
20003795997
20003795998
20003795999
20003796000
20003796001
20003796002
20003796003
20003796004
20003796005
20003796006
20003796007
20003796008
20003796009
20003796010
20003796011
20003796012
20003796013
20003796014
20003796015
20003796016
20003796017
20003796018
20003796019
20003796020
20003796021
20003796022
20003796023
20003796024
20003796025
20003796026
20003796027
20003796028
20003796029
20003796030
20003796031
20003796032
20003796033
20003796034
20003796035
20003796036
20003796037
20003796038
20003796039
20003796040
20003796041
20003796042
20003796043
20003796044
20003796045
20003796046
20003796047
20003796048
20003796049
20003796050
20003796051
20003796052
20003796053
20003796054
20003796055
20003796056
20003796057
20003796058
20003796059
20003796060
20003796061
20003796062
20003796063
20003796064
20003796065
20003796066
20003796067
20003796068
20003796069
20003796070
20003796071
20003796072
20003796073
20003796074
20003796075
20003796076
20003796077
20003796078
20003796079
20003796080
20003796081
20003796082
20003796083
20003796084
20003796085
20003796086
20003796087
20003796088
20003796089
20003796090
20003796091
20003796092
20003796093
20003796094
20003796095
20003796096
20003796097
20003796098
20003796099
20003796100
20003796101
20003796102
20003796103
20003796104
20003796105
20003796106
20003796107
20003796108
20003796109
20003796110
20003796111
20003796112
20003796113
20003796114
20003796115
20003796116
20003796117
20003796118
20003796119
20003796120
20003796121
20003796122
20003796123
20003796124
20003796125
20003796126
20003796127
20003796128
20003796129
20003796130
20003796131
20003796132
20003796133
20003796134
20003796135
20003796136
20003796137
20003796138
20003796139
20003796140
20003796141
20003796142
20003796143
20003796144
20003796145
20003796146
20003796147
20003796148
20003796149
20003796150
20003796151
20003796152
20003796153
20003796154
20003796155
20003796156
20003796157
20003796158
20003796159
20003796160
20003796161
20003796162
20003796163
20003796164
20003796165
20003796166
20003796167
20003796168
20003796169
20003796170
20003796171
20003796172
20003796173
20003796174
20003796175
20003796176
20003796177
20003796178
20003796179
20003796180
20003796181
20003796182
20003796183
20003796184
20003796185
20003796186
20003796187
20003796188
20003796189
20003796190
20003796191
20003796192
20003796193
20003796194
20003796195
20003796196
20003796197
20003796198
20003796199
20003796200
20003796201
20003796202
20003796203
20003796204
20003796205
20003796206
20003796207
20003796208
20003796209
20003796210
20003796211
20003796212
20003796213
20003796214
20003796215
20003796216
20003796217
20003796218
20003796219
20003796220
20003796221
20003796222
20003796223
20003796224
20003796225
20003796226
20003796227
20003796228
20003796229
20003796230
20003796231
20003796232
20003796233
20003796234
20003796235
20003796236
20003796237
20003796238
20003796239
20003796240
20003796241
20003796242
20003796243
20003796244
20003796245
20003796246
20003796247
20003796248
20003796249
20003796250
20003796251
20003796252
20003796253
20003796254
20003796255
20003796256
20003796257
20003796258
20003796259
20003796260
20003796261
20003796262
20003796263
20003796264
20003796265
20003796266
20003796267
20003796268
20003796269
20003796270
20003796271
20003796272
20003796273
20003796274
20003796275
20003796276
20003796277
20003796278
20003796279
20003796280
20003796281
20003796282
20003796283
20003796284
20003796285
20003796286
20003796287
20003796288
20003796289
20003796290
20003796291
20003796292
20003796293
20003796294
20003796295
20003796296
20003796297
20003796298
20003796299
20003796300
20003796301
20003796302
20003796303
20003796304
20003796305
20003796306
20003796307
20003796308
20003796309
20003796310
20003796311
20003796312
20003796313
20003796314
20003796315
20003796316
20003796317
20003796318
20003796319
20003796320
20003796321
20003796322
20003796323
20003796324
20003796325
20003796326
20003796327
20003796328
20003796329
20003796330
20003796331
20003796332
20003796333
20003796334
20003796335
20003796336
20003796337
20003796338
20003796339
20003796340
20003796341
20003796342
20003796343
20003796344
20003796345
20003796346
20003796347
20003796348
20003796349
20003796350
20003796351
20003796352
20003796353
20003796354
20003796355
20003796356
20003796357
20003796358
20003796359
20003796360
20003796361
20003796362
20003796363
20003796364
20003796365
20003796366
20003796367
20003796368
20003796369
20003796370
20003796371
20003796372
20003796373
20003796374
20003796375
20003796376
20003796377
20003796378
20003796379
20003796380
20003796381
20003796382
20003796383
20003796384
20003796385
20003796386
20003796387
20003796388
20003796389
20003796390
20003796391
20003796392
20003796393
20003796394
20003796395
20003796396
20003796397
20003796398
20003796399
20003796400
20003796401
20003796402
20003796403
20003796404
20003796405
20003796406
20003796407
20003796408
20003796409
20003796410
20003796411
20003796412
20003796413
20003796414
20003796415
20003796416
20003796417
20003796418
20003796419
20003796420
20003796421
20003796422
20003796423
20003796424
20003796425
20003796426
20003796427
20003796428
20003796429
20003796430
20003796431
20003796432
20003796433
20003796434
20003796435
20003796436
20003796437
20003796438
20003796439
20003796440
20003796441
20003796442
20003796443
20003796444
20003796445
20003796446
20003796447
20003796448
20003796449
20003796450
20003796451
20003796452
20003796453
20003796454
20003796455
20003796456
20003796457
20003796458
20003796459
20003796460
20003796461
20003796462
20003796463
20003796464
20003796465
20003796466
20003796467
20003796468
20003796469
20003796470
20003796471
20003796472
20003796473
20003796474
20003796475
20003796476
20003796477
20003796478
20003796479
20003796480
20003796481
20003796482
20003796483
20003796484
20003796485
20003796486
20003796487
20003796488
20003796489
20003796490
20003796491
20003796492
20003796493
20003796494
20003796495
20003796496
20003796497
20003796498
20003796499
20003796500
20003796501
20003796502
20003796503
20003796504
20003796505
20003796506
20003796507
20003796508
20003796509
20003796510
20003796511
20003796512
20003796513
20003796514
20003796515
20003796516
20003796517
20003796518
20003796519
20003796520
20003796521
20003796522
20003796523
20003796524
20003796525
20003796526
20003796527
20003796528
20003796529
20003796530
20003796531
20003796532
20003796533
20003796534
20003796535
20003796536
20003796537
20003796538
20003796539
20003796540
20003796541
20003796542
20003796543
20003796544
20003796545
20003796546
20003796547
20003796548
20003796549
20003796550
20003796551
20003796552
20003796553
20003796554
20003796555
20003796556
20003796557
20003796558
20003796559
20003796560
20003796561
20003796562
20003796563
20003796564
20003796565
20003796566
20003796567
20003796568
20003796569
20003796570
20003796571
20003796572
20003796573
20003796574
20003796575
20003796576
20003796577
20003796578
20003796579
20003796580
20003796581
20003796582
20003796583
20003796584
20003796585
20003796586
20003796587
20003796588
20003796589
20003796590
20003796591
20003796592
20003796593
20003796594
20003796595
20003796596
20003796597
20003796598
20003796599
20003796600
20003796601
20003796602
20003796603
20003796604
20003796605
20003796606
20003796607
20003796608
20003796609
20003796610
20003796611
20003796612
20003796613
20003796614
20003796615
20003796616
20003796617
20003796618
20003796619
20003796620
20003796621
20003796622
20003796623
20003796624
20003796625
20003796626
20003796627
20003796628
20003796629
20003796630
20003796631
20003796632
20003796633
20003796634
20003796635
20003796636
20003796637
20003796638
20003796639
20003796640
20003796641
20003796642
20003796643
20003796644
20003796645
20003796646
20003796647
20003796648
20003796649
20003796650
20003796651
20003796652
20003796653
20003796654
20003796655
20003796656
20003796657
20003796658
20003796659
20003796660
20003796661
20003796662
20003796663
20003796664
20003796665
20003796666
20003796667
20003796668
20003796669
20003796670
20003796671
20003796672
20003796673
20003796674
20003796675
20003796676
20003796677
20003796678
20003796679
20003796680
20003796681
20003796682
20003796683
20003796684
20003796685
20003796686
20003796687
20003796688
20003796689
20003796690
20003796691
20003796692
20003796693
20003796694
20003796695
20003796696
20003796697
20003796698
20003796699
20003796700
20003796701
20003796702
20003796703
20003796704
20003796705
20003796706
20003796707
20003796708
20003796709
20003796710
20003796711
20003796712
20003796713
20003796714
20003796715
20003796716
20003796717
20003796718
20003796719
20003796720
20003796721
20003796722
20003796723
20003796724
20003796725
20003796726
20003796727
20003796728
20003796729
20003796730
20003796731
20003796732
20003796733
20003796734
20003796735
20003796736
20003796737
20003796738
20003796739
20003796740
20003796741
20003796742
20003796743
20003796744
20003796745
20003796746
20003796747
20003796748
20003796749
20003796750
20003796751
20003796752
20003796753
20003796754
20003796755
20003796756
20003796757
20003796758
20003796759
20003796760
20003796761
20003796762
20003796763
20003796764
20003796765
20003796766
20003796767
20003796768
20003796769
20003796770
20003796771
20003796772
20003796773
20003796774
20003796775
20003796776
20003796777
20003796778
20003796779
20003796780
20003796781
20003796782
20003796783
20003796784
20003796785
20003796786
20003796787
20003796788
20003796789
20003796790
20003796791
20003796792
20003796793
20003796794
20003796795
20003796796
20003796797
20003796798
20003796799
20003796800
20003796801
20003796802
20003796803
20003796804
20003796805
20003796806
20003796807
20003796808
20003796809
20003796810
20003796811
20003796812
20003796813
20003796814
20003796815
20003796816
20003796817
20003796818
20003796819
20003796820
20003796821
20003796822
20003796823
20003796824
20003796825
20003796826
20003796827
20003796828
20003796829
20003796830
20003796831
20003796832
20003796833
20003796834
20003796835
20003796836
20003796837
20003796838
20003796839
20003796840
20003796841
20003796842
20003796843
20003796844
20003796845
20003796846
20003796847
20003796848
20003796849
20003796850
20003796851
20003796852
20003796853
20003796854
20003796855
20003796856
20003796857
20003796858
20003796859
20003796860
20003796861
20003796862
20003796863
20003796864
20003796865
20003796866
20003796867
20003796868
20003796869
20003796870
20003796871
20003796872
20003796873
20003796874
20003796875
20003796876
20003796877
20003796878
20003796879
20003796880
20003796881
20003796882
20003796883
20003796884
20003796885
20003796886
20003796887
20003796888
20003796889
20003796890
20003796891
20003796892
20003796893
20003796894
20003796895
20003796896
20003796897
20003796898
20003796899
20003796900
20003796901
20003796902
20003796903
20003796904
20003796905
20003796906
20003796907
20003796908
20003796909
20003796910
20003796911
20003796912
20003796913
20003796914
20003796915
20003796916
20003796917
20003796918
20003796919
20003796920
20003796921
20003796922
20003796923
20003796924
20003796925
20003796926
20003796927
20003796928
20003796929
20003796930
20003796931
20003796932
20003796933
20003796934
20003796935
20003796936
20003796937
20003796938
20003796939
20003796940
20003796941
20003796942
20003796943
20003796944
20003796945
20003796946
20003796947
20003796948
20003796949
20003796950
20003796951
20003796952
20003796953
20003796954
20003796955
20003796956
20003796957
20003796958
20003796959
20003796960
20003796961
20003796962
20003796963
20003796964
20003796965
20003796966
20003796967
20003796968
20003796969
20003796970
20003796971
20003796972
20003796973
20003796974
20003796975
20003796976
20003796977
20003796978
20003796979
20003796980
20003796981
20003796982
20003796983
20003796984
20003796985
20003796986
20003796987
20003796988
20003796989
20003796990
20003796991
20003796992
20003796993
20003796994
20003796995
20003796996
20003796997
20003796998
20003796999
20003797000
20003797001
20003797002
20003797003
20003797004
20003797005
20003797006
20003797007
20003797008
20003797009
20003797010
20003797011
20003797012
20003797013
20003797014
20003797015
20003797016
20003797017
20003797018
20003797019
20003797020
20003797021
20003797022
20003797023
20003797024
20003797025
20003797026
20003797027
20003797028
20003797029
20003797030
20003797031
20003797032
20003797033
20003797034
20003797035
20003797036
20003797037
20003797038
20003797039
20003797040
20003797041
20003797042
20003797043
20003797044
20003797045
20003797046
20003797047
20003797048
20003797049
20003797050
20003797051
20003797052
20003797053
20003797054
20003797055
20003797056
20003797057
20003797058
20003797059
20003797060
20003797061
20003797062
20003797063
20003797064
20003797065
20003797066
20003797067
20003797068
20003797069
20003797070
20003797071
20003797072
20003797073
20003797074
20003797075
20003797076
20003797077
20003797078
20003797079
20003797080
20003797081
20003797082
20003797083
20003797084
20003797085
20003797086
20003797087
20003797088
20003797089
20003797090
20003797091
20003797092
20003797093
20003797094
20003797095
20003797096
20003797097
20003797098
20003797099
20003797100
20003797101
20003797102
20003797103
20003797104
20003797105
20003797106
20003797107
20003797108
20003797109
20003797110
20003797111
20003797112
20003797113
20003797114
20003797115
20003797116
20003797117
20003797118
20003797119
20003797120
20003797121
20003797122
20003797123
20003797124
20003797125
20003797126
20003797127
20003797128
20003797129
20003797130
20003797131
20003797132
20003797133
20003797134
20003797135
20003797136
20003797137
20003797138
20003797139
20003797140
20003797141
20003797142
20003797143
20003797144
20003797145
20003797146
20003797147
20003797148
20003797149
20003797150
20003797151
20003797152
20003797153
20003797154
20003797155
20003797156
20003797157
20003797158
20003797159
20003797160
20003797161
20003797162
20003797163
20003797164
20003797165
20003797166
20003797167
20003797168
20003797169
20003797170
20003797171
20003797172
20003797173
20003797174
20003797175
20003797176
20003797177
20003797178
20003797179
20003797180
20003797181
20003797182
20003797183
20003797184
20003797185
20003797186
20003797187
20003797188
20003797189
20003797190
20003797191
20003797192
20003797193
20003797194
20003797195
20003797196
20003797197
20003797198
20003797199
20003797200
20003797201
20003797202
20003797203
20003797204
20003797205
20003797206
20003797207
20003797208
20003797209
20003797210
20003797211
20003797212
20003797213
20003797214
20003797215
20003797216
20003797217
20003797218
20003797219
20003797220
20003797221
20003797222
20003797223
20003797224
20003797225
20003797226
20003797227
20003797228
20003797229
20003797230
20003797231
20003797232
20003797233
20003797234
20003797235
20003797236
20003797237
20003797238
20003797239
20003797240
20003797241
20003797242
20003797243
20003797244
20003797245
20003797246
20003797247
20003797248
20003797249
20003797250
20003797251
20003797252
20003797253
20003797254
20003797255
20003797256
20003797257
20003797258
20003797259
20003797260
20003797261
20003797262
20003797263
20003797264
20003797265
20003797266
20003797267
20003797268
20003797269
20003797270
20003797271
20003797272
20003797273
20003797274
20003797275
20003797276
20003797277
20003797278
20003797279
20003797280
20003797281
20003797282
20003797283
20003797284
20003797285
20003797286
20003797287
20003797288
20003797289
20003797290
20003797291
20003797292
20003797293
20003797294
20003797295
20003797296
20003797297
20003797298
20003797299
20003797300
20003797301
20003797302
20003797303
20003797304
20003797305
20003797306
20003797307
20003797308
20003797309
20003797310
20003797311
20003797312
20003797313
20003797314
20003797315
20003797316
20003797317
20003797318
20003797319
20003797320
20003797321
20003797322
20003797323
20003797324
20003797325
20003797326
20003797327
20003797328
20003797329
20003797330
20003797331
20003797332
20003797333
20003797334
20003797335
20003797336
20003797337
20003797338
20003797339
20003797340
20003797341
20003797342
20003797343
20003797344
20003797345
20003797346
20003797347
20003797348
20003797349
20003797350
20003797351
20003797352
20003797353
20003797354
20003797355
20003797356
20003797357
20003797358
20003797359
20003797360
20003797361
20003797362
20003797363
20003797364
20003797365
20003797366
20003797367
20003797368
20003797369
20003797370
20003797371
20003797372
20003797373
20003797374
20003797375
20003797376
20003797377
20003797378
20003797379
20003797380
20003797381
20003797382
20003797383
20003797384
20003797385
20003797386
20003797387
20003797388
20003797389
20003797390
20003797391
20003797392
20003797393
20003797394
20003797395
20003797396
20003797397
20003797398
20003797399
20003797400
20003797401
20003797402
20003797403
20003797404
20003797405
20003797406
20003797407
20003797408
20003797409
20003797410
20003797411
20003797412
20003797413
20003797414
20003797415
20003797416
20003797417
20003797418
20003797419
20003797420
20003797421
20003797422
20003797423
20003797424
20003797425
20003797426
20003797427
20003797428
20003797429
20003797430
20003797431
20003797432
20003797433
20003797434
20003797435
20003797436
20003797437
20003797438
20003797439
20003797440
20003797441
20003797442
20003797443
20003797444
20003797445
20003797446
20003797447
20003797448
20003797449
20003797450
20003797451
20003797452
20003797453
20003797454
20003797455
20003797456
20003797457
20003797458
20003797459
20003797460
20003797461
20003797462
20003797463
20003797464
20003797465
20003797466
20003797467
20003797468
20003797469
20003797470
20003797471
20003797472
20003797473
20003797474
20003797475
20003797476
20003797477
20003797478
20003797479
20003797480
20003797481
20003797482
20003797483
20003797484
20003797485
20003797486
20003797487
20003797488
20003797489
20003797490
20003797491
20003797492
20003797493
20003797494
20003797495
20003797496
20003797497
20003797498
20003797499
20003797500
20003797501
20003797502
20003797503
20003797504
20003797505
20003797506
20003797507
20003797508
20003797509
20003797510
20003797511
20003797512
20003797513
20003797514
20003797515
20003797516
20003797517
20003797518
20003797519
20003797520
20003797521
20003797522
20003797523
20003797524
20003797525
20003797526
20003797527
20003797528
20003797529
20003797530
20003797531
20003797532
20003797533
20003797534
20003797535
20003797536
20003797537
20003797538
20003797539
20003797540
20003797541
20003797542
20003797543
20003797544
20003797545
20003797546
20003797547
20003797548
20003797549
20003797550
20003797551
20003797552
20003797553
20003797554
20003797555
20003797556
20003797557
20003797558
20003797559
20003797560
20003797561
20003797562
20003797563
20003797564
20003797565
20003797566
20003797567
20003797568
20003797569
20003797570
20003797571
20003797572
20003797573
20003797574
20003797575
20003797576
20003797577
20003797578
20003797579
20003797580
20003797581
20003797582
20003797583
20003797584
20003797585
20003797586
20003797587
20003797588
20003797589
20003797590
20003797591
20003797592
20003797593
20003797594
20003797595
20003797596
20003797597
20003797598
20003797599
20003797600
20003797601
20003797602
20003797603
20003797604
20003797605
20003797606
20003797607
20003797608
20003797609
20003797610
20003797611
20003797612
20003797613
20003797614
20003797615
20003797616
20003797617
20003797618
20003797619
20003797620
20003797621
20003797622
20003797623
20003797624
20003797625
20003797626
20003797627
20003797628
20003797629
20003797630
20003797631
20003797632
20003797633
20003797634
20003797635
20003797636
20003797637
20003797638
20003797639
20003797640
20003797641
20003797642
20003797643
20003797644
20003797645
20003797646
20003797647
20003797648
20003797649
20003797650
20003797651
20003797652
20003797653
20003797654
20003797655
20003797656
20003797657
20003797658
20003797659
20003797660
20003797661
20003797662
20003797663
20003797664
20003797665
20003797666
20003797667
20003797668
20003797669
20003797670
20003797671
20003797672
20003797673
20003797674
20003797675
20003797676
20003797677
20003797678
20003797679
20003797680
20003797681
20003797682
20003797683
20003797684
20003797685
20003797686
20003797687
20003797688
20003797689
20003797690
20003797691
20003797692
20003797693
20003797694
20003797695
20003797696
20003797697
20003797698
20003797699
20003797700
20003797701
20003797702
20003797703
20003797704
20003797705
20003797706
20003797707
20003797708
20003797709
20003797710
20003797711
20003797712
20003797713
20003797714
20003797715
20003797716
20003797717
20003797718
20003797719
20003797720
20003797721
20003797722
20003797723
20003797724
20003797725
20003797726
20003797727
20003797728
20003797729
20003797730
20003797731
20003797732
20003797733
20003797734
20003797735
20003797736
20003797737
20003797738
20003797739
20003797740
20003797741
20003797742
20003797743
20003797744
20003797745
20003797746
20003797747
20003797748
20003797749
20003797750
20003797751
20003797752
20003797753
20003797754
20003797755
20003797756
20003797757
20003797758
20003797759
20003797760
20003797761
20003797762
20003797763
20003797764
20003797765
20003797766
20003797767
20003797768
20003797769
20003797770
20003797771
20003797772
20003797773
20003797774
20003797775
20003797776
20003797777
20003797778
20003797779
20003797780
20003797781
20003797782
20003797783
20003797784
20003797785
20003797786
20003797787
20003797788
20003797789
20003797790
20003797791
20003797792
20003797793
20003797794
20003797795
20003797796
20003797797
20003797798
20003797799
20003797800
20003797801
20003797802
20003797803
20003797804
20003797805
20003797806
20003797807
20003797808
20003797809
20003797810
20003797811
20003797812
20003797813
20003797814
20003797815
20003797816
20003797817
20003797818
20003797819
20003797820
20003797821
20003797822
20003797823
20003797824
20003797825
20003797826
20003797827
20003797828
20003797829
20003797830
20003797831
20003797832
20003797833
20003797834
20003797835
20003797836
20003797837
20003797838
20003797839
20003797840
20003797841
20003797842
20003797843
20003797844
20003797845
20003797846
20003797847
20003797848
20003797849
20003797850
20003797851
20003797852
20003797853
20003797854
20003797855
20003797856
20003797857
20003797858
20003797859
20003797860
20003797861
20003797862
20003797863
20003797864
20003797865
20003797866
20003797867
20003797868
20003797869
20003797870
20003797871
20003797872
20003797873
20003797874
20003797875
20003797876
20003797877
20003797878
20003797879
20003797880
20003797881
20003797882
20003797883
20003797884
20003797885
20003797886
20003797887
20003797888
20003797889
20003797890
20003797891
20003797892
20003797893
20003797894
20003797895
20003797896
20003797897
20003797898
20003797899
20003797900
20003797901
20003797902
20003797903
20003797904
20003797905
20003797906
20003797907
20003797908
20003797909
20003797910
20003797911
20003797912
20003797913
20003797914
20003797915
20003797916
20003797917
20003797918
20003797919
20003797920
20003797921
20003797922
20003797923
20003797924
20003797925
20003797926
20003797927
20003797928
20003797929
20003797930
20003797931
20003797932
20003797933
20003797934
20003797935
20003797936
20003797937
20003797938
20003797939
20003797940
20003797941
20003797942
20003797943
20003797944
20003797945
20003797946
20003797947
20003797948
20003797949
20003797950
20003797951
20003797952
20003797953
20003797954
20003797955
20003797956
20003797957
20003797958
20003797959
20003797960
20003797961
20003797962
20003797963
20003797964
20003797965
20003797966
20003797967
20003797968
20003797969
20003797970
20003797971
20003797972
20003797973
20003797974
20003797975
20003797976
20003797977
20003797978
20003797979
20003797980
20003797981
20003797982
20003797983
20003797984
20003797985
20003797986
20003797987
20003797988
20003797989
20003797990
20003797991
20003797992
20003797993
20003797994
20003797995
20003797996
20003797997
20003797998
20003797999
20003798000
20003798001
20003798002
20003798003
20003798004
20003798005
20003798006
20003798007
20003798008
20003798009
20003798010
20003798011
20003798012
20003798013
20003798014
20003798015
20003798016
20003798017
20003798018
20003798019
20003798020
20003798021
20003798022
20003798023
20003798024
20003798025
20003798026
20003798027
20003798028
20003798029
20003798030
20003798031
20003798032
20003798033
20003798034
20003798035
20003798036
20003798037
20003798038
20003798039
20003798040
20003798041
20003798042
20003798043
20003798044
20003798045
20003798046
20003798047
20003798048
20003798049
20003798050
20003798051
20003798052
20003798053
20003798054
20003798055
20003798056
20003798057
20003798058
20003798059
20003798060
20003798061
20003798062
20003798063
20003798064
20003798065
20003798066
20003798067
20003798068
20003798069
20003798070
20003798071
20003798072
20003798073
20003798074
20003798075
20003798076
20003798077
20003798078
20003798079
20003798080
20003798081
20003798082
20003798083
20003798084
20003798085
20003798086
20003798087
20003798088
20003798089
20003798090
20003798091
20003798092
20003798093
20003798094
20003798095
20003798096
20003798097
20003798098
20003798099
20003798100
20003798101
20003798102
20003798103
20003798104
20003798105
20003798106
20003798107
20003798108
20003798109
20003798110
20003798111
20003798112
20003798113
20003798114
20003798115
20003798116
20003798117
20003798118
20003798119
20003798120
20003798121
20003798122
20003798123
20003798124
20003798125
20003798126
20003798127
20003798128
20003798129
20003798130
20003798131
20003798132
20003798133
20003798134
20003798135
20003798136
20003798137
20003798138
20003798139
20003798140
20003798141
20003798142
20003798143
20003798144
20003798145
20003798146
20003798147
20003798148
20003798149
20003798150
20003798151
20003798152
20003798153
20003798154
20003798155
20003798156
20003798157
20003798158
20003798159
20003798160
20003798161
20003798162
20003798163
20003798164
20003798165
20003798166
20003798167
20003798168
20003798169
20003798170
20003798171
20003798172
20003798173
20003798174
20003798175
20003798176
20003798177
20003798178
20003798179
20003798180
20003798181
20003798182
20003798183
20003798184
20003798185
20003798186
20003798187
20003798188
20003798189
20003798190
20003798191
20003798192
20003798193
20003798194
20003798195
20003798196
20003798197
20003798198
20003798199
20003798200
20003798201
20003798202
20003798203
20003798204
20003798205
20003798206
20003798207
20003798208
20003798209
20003798210
20003798211
20003798212
20003798213
20003798214
20003798215
20003798216
20003798217
20003798218
20003798219
20003798220
20003798221
20003798222
20003798223
20003798224
20003798225
20003798226
20003798227
20003798228
20003798229
20003798230
20003798231
20003798232
20003798233
20003798234
20003798235
20003798236
20003798237
20003798238
20003798239
20003798240
20003798241
20003798242
20003798243
20003798244
20003798245
20003798246
20003798247
20003798248
20003798249
20003798250
20003798251
20003798252
20003798253
20003798254
20003798255
20003798256
20003798257
20003798258
20003798259
20003798260
20003798261
20003798262
20003798263
20003798264
20003798265
20003798266
20003798267
20003798268
20003798269
20003798270
20003798271
20003798272
20003798273
20003798274
20003798275
20003798276
20003798277
20003798278
20003798279
20003798280
20003798281
20003798282
20003798283
20003798284
20003798285
20003798286
20003798287
20003798288
20003798289
20003798290
20003798291
20003798292
20003798293
20003798294
20003798295
20003798296
20003798297
20003798298
20003798299
20003798300
20003798301
20003798302
20003798303
20003798304
20003798305
20003798306
20003798307
20003798308
20003798309
20003798310
20003798311
20003798312
20003798313
20003798314
20003798315
20003798316
20003798317
20003798318
20003798319
20003798320
20003798321
20003798322
20003798323
20003798324
20003798325
20003798326
20003798327
20003798328
20003798329
20003798330
20003798331
20003798332
20003798333
20003798334
20003798335
20003798336
20003798337
20003798338
20003798339
20003798340
20003798341
20003798342
20003798343
20003798344
20003798345
20003798346
20003798347
20003798348
20003798349
20003798350
20003798351
20003798352
20003798353
20003798354
20003798355
20003798356
20003798357
20003798358
20003798359
20003798360
20003798361
20003798362
20003798363
20003798364
20003798365
20003798366
20003798367
20003798368
20003798369
20003798370
20003798371
20003798372
20003798373
20003798374
20003798375
20003798376
20003798377
20003798378
20003798379
20003798380
20003798381
20003798382
20003798383
20003798384
20003798385
20003798386
20003798387
20003798388
20003798389
20003798390
20003798391
20003798392
20003798393
20003798394
20003798395
20003798396
20003798397
20003798398
20003798399
20003798400
20003798401
20003798402
20003798403
20003798404
20003798405
20003798406
20003798407
20003798408
20003798409
20003798410
20003798411
20003798412
20003798413
20003798414
20003798415
20003798416
20003798417
20003798418
20003798419
20003798420
20003798421
20003798422
20003798423
20003798424
20003798425
20003798426
20003798427
20003798428
20003798429
20003798430
20003798431
20003798432
20003798433
20003798434
20003798435
20003798436
20003798437
20003798438
20003798439
20003798440
20003798441
20003798442
20003798443
20003798444
20003798445
20003798446
20003798447
20003798448
20003798449
20003798450
20003798451
20003798452
20003798453
20003798454
20003798455
20003798456
20003798457
20003798458
20003798459
20003798460
20003798461
20003798462
20003798463
20003798464
20003798465
20003798466
20003798467
20003798468
20003798469
20003798470
20003798471
20003798472
20003798473
20003798474
20003798475
20003798476
20003798477
20003798478
20003798479
20003798480
20003798481
20003798482
20003798483
20003798484
20003798485
20003798486
20003798487
20003798488
20003798489
20003798490
20003798491
20003798492
20003798493
20003798494
20003798495
20003798496
20003798497
20003798498
20003798499
20003798500
20003798501
20003798502
20003798503
20003798504
20003798505
20003798506
20003798507
20003798508
20003798509
20003798510
20003798511
20003798512
20003798513
20003798514
20003798515
20003798516
20003798517
20003798518
20003798519
20003798520
20003798521
20003798522
20003798523
20003798524
20003798525
20003798526
20003798527
20003798528
20003798529
20003798530
20003798531
20003798532
20003798533
20003798534
20003798535
20003798536
20003798537
20003798538
20003798539
20003798540
20003798541
20003798542
20003798543
20003798544
20003798545
20003798546
20003798547
20003798548
20003798549
20003798550
20003798551
20003798552
20003798553
20003798554
20003798555
20003798556
20003798557
20003798558
20003798559
20003798560
20003798561
20003798562
20003798563
20003798564
20003798565
20003798566
20003798567
20003798568
20003798569
20003798570
20003798571
20003798572
20003798573
20003798574
20003798575
20003798576
20003798577
20003798578
20003798579
20003798580
20003798581
20003798582
20003798583
20003798584
20003798585
20003798586
20003798587
20003798588
20003798589
20003798590
20003798591
20003798592
20003798593
20003798594
20003798595
20003798596
20003798597
20003798598
20003798599
20003798600
20003798601
20003798602
20003798603
20003798604
20003798605
20003798606
20003798607
20003798608
20003798609
20003798610
20003798611
20003798612
20003798613
20003798614
20003798615
20003798616
20003798617
20003798618
20003798619
20003798620
20003798621
20003798622
20003798623
20003798624
20003798625
20003798626
20003798627
20003798628
20003798629
20003798630
20003798631
20003798632
20003798633
20003798634
20003798635
20003798636
20003798637
20003798638
20003798639
20003798640
20003798641
20003798642
20003798643
20003798644
20003798645
20003798646
20003798647
20003798648
20003798649
20003798650
20003798651
20003798652
20003798653
20003798654
20003798655
20003798656
20003798657
20003798658
20003798659
20003798660
20003798661
20003798662
20003798663
20003798664
20003798665
20003798666
20003798667
20003798668
20003798669
20003798670
20003798671
20003798672
20003798673
20003798674
20003798675
20003798676
20003798677
20003798678
20003798679
20003798680
20003798681
20003798682
20003798683
20003798684
20003798685
20003798686
20003798687
20003798688
20003798689
20003798690
20003798691
20003798692
20003798693
20003798694
20003798695
20003798696
20003798697
20003798698
20003798699
20003798700
20003798701
20003798702
20003798703
20003798704
20003798705
20003798706
20003798707
20003798708
20003798709
20003798710
20003798711
20003798712
20003798713
20003798714
20003798715
20003798716
20003798717
20003798718
20003798719
20003798720
20003798721
20003798722
20003798723
20003798724
20003798725
20003798726
20003798727
20003798728
20003798729
20003798730
20003798731
20003798732
20003798733
20003798734
20003798735
20003798736
20003798737
20003798738
20003798739
20003798740
20003798741
20003798742
20003798743
20003798744
20003798745
20003798746
20003798747
20003798748
20003798749
20003798750
20003798751
20003798752
20003798753
20003798754
20003798755
20003798756
20003798757
20003798758
20003798759
20003798760
20003798761
20003798762
20003798763
20003798764
20003798765
20003798766
20003798767
20003798768
20003798769
20003798770
20003798771
20003798772
20003798773
20003798774
20003798775
20003798776
20003798777
20003798778
20003798779
20003798780
20003798781
20003798782
20003798783
20003798784
20003798785
20003798786
20003798787
20003798788
20003798789
20003798790
20003798791
20003798792
20003798793
20003798794
20003798795
20003798796
20003798797
20003798798
20003798799
20003798800
20003798801
20003798802
20003798803
20003798804
20003798805
20003798806
20003798807
20003798808
20003798809
20003798810
20003798811
20003798812
20003798813
20003798814
20003798815
20003798816
20003798817
20003798818
20003798819
20003798820
20003798821
20003798822
20003798823
20003798824
20003798825
20003798826
20003798827
20003798828
20003798829
20003798830
20003798831
20003798832
20003798833
20003798834
20003798835
20003798836
20003798837
20003798838
20003798839
20003798840
20003798841
20003798842
20003798843
20003798844
20003798845
20003798846
20003798847
20003798848
20003798849
20003798850
20003798851
20003798852
20003798853
20003798854
20003798855
20003798856
20003798857
20003798858
20003798859
20003798860
20003798861
20003798862
20003798863
20003798864
20003798865
20003798866
20003798867
20003798868
20003798869
20003798870
20003798871
20003798872
20003798873
20003798874
20003798875
20003798876
20003798877
20003798878
20003798879
20003798880
20003798881
20003798882
20003798883
20003798884
20003798885
20003798886
20003798887
20003798888
20003798889
20003798890
20003798891
20003798892
20003798893
20003798894
20003798895
20003798896
20003798897
20003798898
20003798899
20003798900
20003798901
20003798902
20003798903
20003798904
20003798905
20003798906
20003798907
20003798908
20003798909
20003798910
20003798911
20003798912
20003798913
20003798914
20003798915
20003798916
20003798917
20003798918
20003798919
20003798920
20003798921
20003798922
20003798923
20003798924
20003798925
20003798926
20003798927
20003798928
20003798929
20003798930
20003798931
20003798932
20003798933
20003798934
20003798935
20003798936
20003798937
20003798938
20003798939
20003798940
20003798941
20003798942
20003798943
20003798944
20003798945
20003798946
20003798947
20003798948
20003798949
20003798950
20003798951
20003798952
20003798953
20003798954
20003798955
20003798956
20003798957
20003798958
20003798959
20003798960
20003798961
20003798962
20003798963
20003798964
20003798965
20003798966
20003798967
20003798968
20003798969
20003798970
20003798971
20003798972
20003798973
20003798974
20003798975
20003798976
20003798977
20003798978
20003798979
20003798980
20003798981
20003798982
20003798983
20003798984
20003798985
20003798986
20003798987
20003798988
20003798989
20003798990
20003798991
20003798992
20003798993
20003798994
20003798995
20003798996
20003798997
20003798998
20003798999
20003799000
20003799001
20003799002
20003799003
20003799004
20003799005
