1261017
1282634
1282836
1311252
1452871
1557310
1570797
1571408
1604614
1607905
1608657
1612477
1689224
1734484
1734510
1869593
1996993
2019743
2070399
2149018
2212272
2264488
2265164
2265746
2268972
2269470
2271839
2274783
2278831
2290378
2291415
2291462
2292399
2292807
2294106
2296311
2298434
2300799
2300828
2302654
2314313
2316750
2317519
2318250
2320240
2320890
2322100
2326592
2329948
2331057
2331058
2331059
2331066
2331077
2331078
2331101
2331102
2331108
2331126
2331130
2331138
2331163
2331176
2331178
2331184
2331190
2331192
2331193
2331206
2331214
2331333
2331334
2331336
2331344
2331346
2331357
2331363
2331365
2331367
2331373
2331375
2331380
2331385
2331393
2331401
2331405
2331406
2331415
2331427
2331428
2331430
2331431
2331436
2331437
2331444
2331445
2331456
2331489
2331508
2331576
2331581
2331603
2331621
2331624
2331681
2331683
2331700
2331717
2331758
2331774
2331778
2331796
2331863
2331870
2331893
2331900
2331931
2331950
2331979
2331987
2331999
2332000
2332001
2332010
2332013
2332025
2332031
2332045
2332051
2332061
2332076
2332087
2332090
2332102
2332113
2332117
2332120
2332160
2332162
2332187
2332205
2332207
2332214
2332216
2332221
2332314
2332351
2332364
2332376
2332420
2332432
2332435
2332454
2332457
2332461
2332471
2332496
2332516
2332548
2332558
2332587
2332593
2332594
2332595
2332602
2332605
2332647
2332670
2332705
2332712
2332731
2332761
2332779
2332816
2332841
2332862
2332917
2332923
2332981
2333078
2333079
2333119
2333130
2333171
2333183
2333243
2333267
2333279
2333290
2333296
2333327
2333353
2333391
2333397
2333399
2333401
2333407
2333411
2333416
2333434
2333438
2333439
2333441
2333444
2333446
2333455
2333456
2333477
2333478
2333484
2333490
2333493
2333494
2333496
2333500
2333516
2333518
2333536
2333544
2333558
2333561
2333564
2333577
2333582
2333585
2333589
2333592
2333595
2333597
2333610
2333614
2333615
2333617
2333618
2333628
2333629
2333630
2333631
2333633
2333644
2333654
2333656
2333657
2333662
2333663
2333665
2333666
2333667
2333719
2333720
2333723
2333729
2333734
2333735
2333737
2333776
2333777
2333779
2333788
2333792
2333799
2333800
2333803
2333804
2333805
2333806
2333837
2333846
2333848
2333850
2333852
2333854
2333855
2333856
2333857
2333860
2333862
2333863
2333864
2333868
2333890
2333898
2333899
2333901
2333903
2333904
2333905
2333909
2333914
2333920
2333921
2333925
2333928
2333935
2333951
2333952
2333953
2333954
2333955
2333958
2333965
2333966
2333969
2333979
2333981
2333983
2333984
2333986
2333990
2333992
2333993
2333995
2333996
2333997
2334000
2334006
2334007
2334010
2334012
2334013
2334019
2334022
2334023
2334024
2334025
2334027
2334031
2334032
2334033
2334034
2334035
2334039
2334040
2334042
2334043
2334044
2334045
2334046
2334051
2334052
2334075
2334076
2334078
2334079
2334084
2334086
2334087
2334094
2334099
2334101
2334102
2334103
2334104
2334105
2334107
2334108
2334109
2334110
2334111
2334113
2334114
2334115
2334116
2334117
2334118
2334119
2334120
2334121
2334122
2334123
2334124
2334125
2334126
2334127
2334128
2334129
2334130
2334131
2334132
2334133
2334140
2334141
2334142
2334143
2334144
2334145
2334146
2334147
2334148
2334150
2334151
2334153
2334155
2334157
2334158
2334159
2334160
2334161
2334162
2334163
2334168
2334169
2334171
2334172
2334173
2334174
2334175
2334178
2334179
2334180
2334183
2334184
2334185
2334186
2334187
2334188
2334189
2334190
2334191
2334192
2334193
2334194
2334199
2334200
2334201
2334202
2334203
2334204
2334205
2334206
2334207
2334208
2334209
2334210
2334212
2334213
2334214
2334215
2334216
2334217
2334218
2334220
2334221
2334222
2334224
2334225
2334226
2334227
2334228
2334229
2334230
2334231
2334232
2334233
2334234
2334235
2334236
2334237
2334238
2334239
2334243
2334244
2334245
2334246
2334247
2334250
2334251
2334252
2334253
2334254
2334255
2334256
2334257
2334258
2334259
2334260
2334261
2334262
2334264
2334265
2334266
2334267
2334268
2334269
2334270
2334274
2334275
2334276
2334277
2334278
2334279
2334280
2334281
2334282
2334283
2334284
2334285
2334286
2334287
2334288
2334289
2334290
2334291
2334292
2334293
2334295
2334296
2334297
2334298
2334299
2334300
2334301
2334302
2334304
2334305
2334306
2334307
2334308
2334309
2334310
2334311
2334312
2334313
2334314
2334315
2334316
2334317
2334318
2334319
2334320
2334321
2334322
2334323
2334324
2334325
2334326
2334327
2334328
2334329
2334330
2334331
2334332
2334333
2334334
2334335
2334336
2334337
2334338
2334339
2334340
2334341
2334342
2334343
2334344
2334345
2334346
2334347
2334348
2334349
2334350
2334351
2334352
2334353
2334354
2334355
2334356
2334357
2334358
2334359
2334360
2334361
2334362
2334363
2334364
2334365
2334366
2334367
2334368
2334369
2334370
2334371
2334372
2334373
2334374
2334375
2334376
2334377
2334378
2334379
2334380
2334381
2334383
2334384
2334385
2334387
2334388
2334389
2334390
2334391
2334392
2334393
2334394
2334395
2334398
2334402
2334403
2334404
2334405
2334406
2334407
2334408
2334409
2334410
2334411
2334412
2334413
2334414
2334416
2334417
2334418
2334419
2334420
2334421
2334422
2334423
2334424
2334425
2334426
2334427
2334429
2334430
2334431
2334432
2334433
2334434
2334435
2334436
2334437
2334438
2334439
2334440
2334442
2334443
2334444
2334445
2334446
2334447
2334448
2334449
2334450
2334451
2334452
2334453
2334454
2334455
2334456
2334457
2334458
2334459
2334460
2334461
2334462
2334463
2334464
2334465
2334466
2334467
2334468
2334469
2334470
2334471
2334472
2334473
2334474
2334475
2334476
2334477
2334478
2334479
2334480
2334481
2334482
2334483
2334484
2334485
2334486
2334487
2334488
2334489
2334490
2334491
2334492
2334493
2334494
2334495
2334496
2334497
2334498
2334499
2334500
2334501
2334502
2334503
2334504
2334505
2334506
2334507
2334508
2334511
2334512
2334513
2334514
2334515
2334516
2334520
2334521
2334522
2334524
2334525
2334526
2334527
2334528
2334529
2334531
2334532
2334533
2334534
2334535
2334536
2334537
2334538
2334539
2334540
2334541
2334543
2334544
2334545
2334546
2334547
2334548
2334549
2334550
2334551
2334552
2334553
2334554
2334555
2334556
2334557
2334558
2334559
2334560
2334561
2334562
2334563
2334564
2334565
2334566
2334567
2334568
2334569
2334570
2334571
2334572
2334573
2334574
2334575
2334576
2334577
2334578
2334581
2334582
2334583
2334584
2334585
2334586
2334587
2334588
2334589
2334590
2334591
2334593
2334594
2334595
2334596
2334597
2334598
2334599
2334600
2334601
2334602
2334603
2334604
2334605
2334607
2334608
2334611
2334612
2334613
2334614
2334615
2334616
2334617
2334618
2334619
2334620
2334621
2334622
2334623
2334624
2334625
2334626
2334631
2334632
2334633
2334634
2334635
2334636
2334637
2334638
2334639
2334640
2334641
2334642
2334643
2334644
2334645
2334646
2334647
2334648
2334649
2334650
2334651
2334652
2334654
2334655
2334656
2334657
2334658
2334659
2334660
2334661
2334662
2334663
2334664
2334665
2334666
2334667
2334668
2334669
2334670
2334671
2334672
2334673
2334674
2334675
2334676
2334677
2334678
2334679
2334680
2334681
2334682
2334683
2334684
2334685
2334687
2334688
2334689
2334690
2334691
2334692
2334693
2334694
2334695
2334696
2334698
2334699
2334701
2334702
2334703
2334704
2334706
2334707
2334708
2334709
2334710
2334711
2334735
2334736
2334737
2334739
2334740
2334742
2334743
2334744
2334746
2334747
2334748
2334751
2334752
2334753
2334754
2334755
2334756
2334757
2334758
2334759
2334761
2334762
2334764
2334765
2334767
2334768
2334769
2334770
2334771
2334772
2334773
2334774
2334775
2334776
2334777
2334778
2334779
2334780
2334781
2334782
2334783
2334784
2334785
2334786
2334789
2334790
2334792
2334793
2334794
2334795
2334796
2334797
2334798
2334799
2334800
2334801
2334802
2334803
2334813
2334814
2334819
2334820
2334821
2334822
2334823
2334824
2334825
2334826
2334827
2334828
2334832
2334833
2334834
2334835
2334836
2334837
2334838
2334839
2334840
2334841
2334842
2334843
2334844
2334845
2334847
2334848
2334849
2334850
2334851
2334852
2334853
2334854
2334855
2334856
2334857
2334858
2334859
2334860
2334861
2334862
2334863
2334864
2334865
2334866
2334867
2334868
2334869
2334870
2334871
2334872
2334873
2334874
2334875
2334876
2334877
2334878
2334879
2334880
2334881
2334882
2334883
2334884
2334885
2334886
2334887
2334888
2334889
2334890
2334891
2334892
2334893
2334894
2334895
2334898
2334899
2334900
2334901
2334902
2334903
2334904
2334905
2334907
2334908
2334909
2334910
2334911
2334912
2334913
2334914
2334915
2334916
2334917
2334918
2334919
2334920
2334921
2334922
2334923
2334924
2334925
2334926
2334934
2334935
2334936
2334937
2334938
2334939
2334940
2334942
2334943
2334944
2334945
2334946
2334947
2334948
2334949
2334950
2334951
2334952
2334953
2334954
2334955
2334956
2334957
2334958
2334959
2334960
2334966
2334967
2334968
2334969
2334970
2334971
2334972
2334976
2334977
2334978
2334979
2334980
2334981
2334982
2334983
2334984
2334985
2334986
2334987
2334988
2334989
2334990
2334991
2334992
2334993
2334996
2334997
2335000
2335001
2335002
2335003
2335004
2335005
2335006
2335007
2335008
2335009
2335010
2335011
2335012
2335013
2335015
2335016
2335017
2335021
2335022
2335023
2335024
2335025
2335026
2335027
2335028
2335029
2335030
2335031
2335032
2335033
2335034
2335035
2335036
2335037
2335038
2335039
2335040
2335041
2335046
2335047
2335048
2335049
2335050
2335051
2335052
2335053
2335054
2335055
2335056
2335057
2335058
2335059
2335060
2335061
2335062
2335063
2335064
2335065
2335066
2335067
2335068
2335069
2335070
2335071
2335072
2335073
2335074
2335075
2335076
2335077
2335078
2335079
2335080
2335081
2335082
2335083
2335084
2335085
2335086
2335090
2335091
2335092
2335093
2335094
2335095
2335096
2335097
2335098
2335101
2335102
2335103
2335105
2335106
2335107
2335108
2335109
2335110
2335111
2335112
2335113
2335114
2335115
2335116
2335117
2335118
2335119
2335120
2335126
2335146
2335147
2335148
2335149
2335151
2335152
2335153
2335157
2335158
2335159
2335160
2335161
2335162
2335163
2335165
2335166
2335167
2335171
2335172
2335173
2335174
2335180
2335181
2335182
2335183
2335184
429428
429437
429440
429441
429442
429443
429450
429453
429456
429460
429469
429477
429482
429486
429488
429490
429493
429495
429501
429503
429504
429505
429513
429514
429515
429517
429520
429524
429526
429528
429529
429531
429533
429536
429542
429543
429546
429550
429555
429557
429559
429563
429569
429570
429577
429579
429583
429587
429588
429589
429590
429593
429595
429596
429597
429602
429603
429608
429609
429611
429613
429617
429618
429620
429622
429628
429630
429636
429639
429643
429648
429651
429652
429653
429655
429656
429659
429663
429665
429674
429677
429690
429697
429700
429708
429711
429714
429717
429718
429719
429720
429722
429724
429725
429728
429731
429741
429750
429752
429753
429755
429758
429760
429764
429765
429766
429769
429771
429777
429779
429782
429784
429789
429791
429793
429794
429796
429803
429809
429811
429812
429813
429818
429822
429823
429827
429829
429830
429833
429836
429837
429838
429842
429845
429848
429851
429855
429856
429866
429867
429871
429874
429879
429880
429884
429888
429896
429898
429900
429903
429906
429908
429912
429914
429927
429928
429929
429931
429932
429933
429934
429936
429937
429939
429941
429944
429945
429946
429957
429958
429960
429963
429967
429968
429969
429971
429972
429974
429977
429978
429985
429986
429988
429989
429991
429992
429993
429997
429998
430003
430016
430017
430019
430030
430031
430032
430034
430035
430041
430043
430054
430056
430060
430062
430066
430075
430082
430083
430085
430086
430092
430093
430099
430100
430101
430117
430133
430141
430143
430153
430155
430157
430162
430164
430166
430172
430174
430175
430176
430181
430182
430197
430199
430203
430215
430216
430217
430218
430224
430226
430231
430235
430236
430237
430239
430240
430253
430256
430262
430264
430266
430267
430268
430269
430275
430279
430280
430283
430284
430286
430287
430290
430295
430299
430300
430303
430304
430305
430308
430322
430325
430326
430328
430335
430336
430338
430342
430343
430351
430355
430356
430357
430358
430362
430366
430368
430375
430381
430386
430390
430393
430397
430398
430399
430400
430403
430408
430410
430411
430412
430418
430419
430423
430424
430430
430431
430439
430443
430445
430446
430456
430457
430464
430465
430468
430474
430479
430484
430488
430489
430491
430493
430498
430504
430507
430509
430510
430511
430512
430515
430516
430518
430534
430539
430541
430543
430544
430545
430547
430548
430550
430551
430553
430554
430559
430560
430565
430567
430568
430570
430573
430576
430577
430578
430581
430583
430585
430592
430594
430610
430612
430616
430618
430620
430622
430626
430630
430648
430649
430656
430657
430669
430676
430686
430688
430693
430700
430702
430704
430707
430710
430715
430716
430720
430724
430728
430734
430737
430739
430748
430750
430759
430762
430763
430764
430768
430769
430771
430774
430775
430779
430792
430793
430800
430802
430804
430809
430810
430817
430819
430820
430821
430827
430828
430834
430838
430841
430842
430845
430852
430853
430854
430857
430865
430866
430868
430873
430875
430882
430885
430888
430891
430909
430911
430912
430913
430914
430917
430919
430922
430924
430935
430939
430940
430944
430953
430955
430959
430962
430970
430978
430980
430994
430996
430997
430999
431002
431003
431008
431012
431013
431018
431020
431023
431024
431026
431030
431038
431044
431048
431052
431056
431060
431063
431065
431069
431073
431076
431077
431079
431082
431085
431087
431089
431099
431102
431104
431107
431112
431114
431116
431121
431124
431125
431127
431128
431131
431135
431140
431146
431148
431150
431156
431158
431163
431165
431166
431167
431168
431170
431173
431174
431176
431178
431179
431181
431184
431186
431187
431189
431195
431199
431207
431208
431209
431215
431216
431217
431222
431224
431231
431232
431233
431235
431237
431238
431239
431241
431242
431245
431247
431249
431250
431252
431253
431260
431262
431265
431270
431272
431276
431282
431288
431294
431298
431299
431302
431303
431304
431305
431306
431311
431314
431315
431316
431320
431323
431326
431330
431332
431333
431335
431337
431342
431343
431346
431348
431352
431355
431361
431363
431365
431367
431368
431370
431372
431374
431375
431383
431390
431392
431394
431395
431403
431405
431411
431413
431414
431416
431418
431424
431425
431426
431432
431433
431437
431438
431445
431450
431453
431454
431456
431459
431462
431466
431470
431472
431473
431475
431484
431489
431493
431497
431500
431504
431506
431509
431512
431524
431527
431530
431533
431536
431539
431541
431542
431544
431545
431548
431550
431552
431556
431557
431558
431559
431561
431567
431576
431577
431581
431584
431585
431586
431589
431591
431593
431595
431596
431597
431598
431599
431601
431607
431608
431609
431610
431611
431613
431615
431617
431620
431625
431626
431628
431629
431631
431632
431635
431636
431645
431648
431649
431655
431656
431659
431661
431663
431673
431675
431676
431687
431695
431696
431698
431700
431704
431707
431708
431710
431711
431712
431720
431721
431722
431726
431736
431739
431756
431761
431772
431778
431783
431786
431792
431795
431796
431801
431804
431806
431809
431812
431813
431814
431819
431826
431831
431833
431835
431837
431844
431845
431846
431847
431863
431879
431880
431889
431894
431897
431898
431901
431918
431919
431923
431926
431928
431930
431932
431934
431940
431941
431944
431945
431946
431947
431956
431958
431959
431961
431965
431968
431970
431972
431977
431978
431982
431986
431998
432003
432007
432012
432017
432025
432026
432033
432034
432035
432045
432047
432049
432052
432057
432058
432061
432063
432072
432075
432077
432087
432097
432103
432104
432108
432115
432120
432131
432133
432141
432144
432145
432148
432149
432153
432154
432155
432162
432164
432169
432170
432176
432183
432185
432188
432199
432203
432207
432212
432216
432219
432222
432223
432224
432225
432226
432228
432229
432230
432235
432239
432240
432242
432243
432246
432250
432252
432254
432256
432257
432262
432266
432269
432274
432275
432279
432290
432292
432293
432295
432298
432299
432300
432301
432305
432306
432311
432314
432316
432319
432321
432322
432323
432327
432329
432333
432335
432337
432338
432339
432341
432342
432344
432347
432348
432352
432354
432355
432356
432358
432359
432360
432363
432366
432367
432371
432373
432377
432379
432380
432381
432382
432389
432391
432394
432395
432396
432404
432407
432417
432421
432422
432427
432429
432432
432434
432436
432438
432453
432455
432456
432457
432460
432464
432466
432468
432471
432472
432475
432479
432480
432482
432485
432487
432490
432491
432498
432503
432508
432513
432516
432519
432528
432537
432539
432543
432544
432548
432550
432553
432555
432557
432559
432562
432563
432567
432569
432571
432572
432574
432576
432578
432579
432580
432581
432582
432583
432591
432598
432608
432611
432617
432618
432620
432624
432625
432633
432638
432643
432646
432647
432648
432649
432654
432659
432661
432677
432689
432692
432693
432700
432707
432717
432726
432727
432737
432741
432742
432745
432746
432747
432749
432750
432756
432773
432778
432779
432782
432784
432796
432808
432818
432827
432837
432838
432840
432850
432857
432859
432864
432866
432868
432872
432874
432876
432879
432885
432887
432888
432892
432894
432896
432899
432900
432906
432907
432913
432914
432917
432918
432919
432922
432924
432929
432930
432931
432932
432937
432938
432939
432947
432948
432950
432951
432953
432961
432962
432964
432965
432968
432969
432970
432972
432973
432977
432985
432988
432990
432993
432994
432997
433002
433003
433005
433008
433009
433011
433013
433019
433023
433026
433032
433036
433037
433041
433043
433048
433056
433058
433060
433066
433067
433072
433073
433075
433081
433083
433085
433089
433092
433094
433105
433106
433113
433119
433121
433122
433130
433139
433144
433147
433152
433153
433155
433157
433166
433171
433172
433174
433177
433180
433181
433182
433183
433192
433198
433202
433207
433211
433212
433214
433216
433219
433220
433227
433228
433229
433231
433232
433236
433238
433242
433243
433246
433248
433249
433251
433253
433254
433255
433257
433260
433264
433273
433278
433279
433283
433298
433303
433307
433309
433321
433323
433324
433329
433338
433341
433342
433345
433346
433347
433348
433350
433360
433362
433364
433367
433372
433376
433379
433381
433382
433384
433385
433387
433399
433405
433408
433412
433418
433419
433421
433425
433427
433434
433437
433439
433440
433444
433446
433448
433449
433456
433462
433464
433469
433471
433475
433478
433479
433486
433490
433491
433493
433495
433504
433508
433512
433513
433531
433533
433535
433536
433539
433540
433543
433550
433556
433563
433568
433577
433584
433586
433587
433589
433594
433602
433603
433605
433610
433611
433613
433614
433615
433619
433624
433627
433628
433630
433632
433633
433634
433639
433640
433642
433643
433647
433649
433650
433651
433653
433654
433655
433658
433660
433663
433667
433668
433669
433670
433671
433676
433682
433683
433684
433686
433688
433690
433699
433701
433703
433708
433712
433713
433720
433722
433723
433724
433725
433729
433730
433733
433735
433736
433738
433743
433744
433747
433748
433749
433757
433769
433770
433772
433773
433780
433787
433790
433794
433801
433803
433805
433806
433811
433812
433814
433815
433816
433817
433819
433820
433822
433826
433830
433831
433832
433833
433837
433843
433845
433846
433854
433865
433878
433885
433887
433889
433892
433896
433899
433900
433902
433909
433910
433915
433919
433922
433927
433932
433942
433952
433953
433955
433959
433969
433976
433977
433978
433979
433981
433993
433996
433999
434000
434004
434006
434007
434009
434011
434012
434015
434016
434017
434019
434022
434023
434026
434027
434041
434043
434053
434055
434056
434057
434061
434065
434089
434091
434094
434096
434103
434104
434105
434106
434110
434111
434112
434118
434120
434121
434125
434130
434132
434137
434139
434146
434151
434153
434171
434174
434175
434177
434184
434191
434194
434196
434197
434201
434209
434210
434213
434226
434233
434234
434241
434245
434247
434248
434255
434257
434264
434269
434275
434277
434278
434281
434285
434286
434294
434298
434304
434305
434308
434309
434314
434316
434317
434324
434327
434343
434346
434348
434351
434352
434353
434355
434357
434359
434367
434371
434372
434373
434376
434386
434388
434393
434394
434399
434406
434410
434412
434418
434422
434424
434426
434429
434435
434438
434439
434440
434446
434452
434453
434456
434459
434460
434461
434465
434474
434476
434483
434493
434495
434499
434503
434504
434507
434511
434513
434515
434517
434518
434522
434524
434528
434529
434536
434542
434550
434554
434557
434558
434562
434568
434570
434572
434584
434588
434590
434591
434595
434596
434599
434601
434604
434605
434611
434615
434616
434617
434618
434628
434630
434631
434633
434637
434642
434647
434648
434650
434652
434656
434658
434659
434662
434671
434678
434679
434680
434681
434683
434686
434687
434693
434694
434700
434702
434703
434704
434709
434712
434714
434716
434717
434719
434724
434726
434728
434734
434737
434739
434742
434743
434747
434748
434751
434752
434754
434755
434758
434763
434767
434771
434772
434780
434781
434782
434783
434785
434792
434794
434800
434803
434813
434817
434820
434825
434828
434837
434838
434848
434849
434852
434853
434854
434858
434859
434860
434862
434863
434865
434866
434867
434871
434874
434881
434883
434891
434901
434909
434910
434913
434919
434924
434930
434933
434939
434941
434950
434951
434952
434953
434954
434955
434956
434957
434958
434960
434961
434964
434965
434966
434967
434969
434970
434971
434974
434976
434979
434980
434982
434983
434984
434985
434986
434991
434992
434994
434996
434997
434998
434999
435001
435009
435013
435018
435020
435026
435032
435040
435048
435052
435053
435061
435062
435064
435066
435067
435068
435070
435073
435079
435080
435083
435086
435090
435091
435092
435095
435099
435101
435108
435109
435112
435113
435115
435119
435121
435122
435127
435129
435130
435132
435134
435135
435137
435145
435147
435163
435164
435166
435171
435172
435175
435176
435177
435179
435180
435181
435186
435187
435188
435192
435194
435195
435196
435197
435199
435205
435206
435208
435211
435215
435216
435218
435219
435222
435224
435226
435227
435230
435233
435244
435245
435247
435253
435259
435275
435281
435282
435284
435285
435290
435294
435295
435296
435298
435300
435301
435331
435332
435338
435339
435342
435343
435344
435350
435353
435354
435364
435371
435374
435375
435377
435378
435379
435380
435381
435391
435401
435403
435417
435421
435424
435428
435430
435432
435433
435436
435437
435438
435439
435440
435443
435447
435448
435449
435452
435457
435459
435462
435465
435467
435471
435472
435473
435475
435477
435480
435481
435489
435492
435493
435495
435496
435501
435502
435513
435514
435516
435517
435521
435523
435526
435527
435529
435532
435534
435539
435542
435544
435545
435546
435547
435555
435558
435561
435567
435579
435581
435585
435591
435593
435597
435600
435602
435603
435604
435606
435611
435612
435613
435614
435620
435623
435624
435625
435630
435635
435636
435638
435639
435642
435649
435654
435656
435659
435663
435664
435670
435671
435672
435673
435676
435681
435682
435685
435687
435690
435691
435692
435694
435720
435721
435723
435724
435725
435726
435727
435735
435739
435747
435749
435750
435751
435752
435755
435757
435761
435765
435771
435774
435777
435791
435793
435794
435798
435799
435800
435803
435804
435807
435808
435812
435814
435817
435818
435820
435824
435825
435838
435839
435849
435857
435862
435868
435871
435875
435877
435878
435885
435886
435891
435893
435895
435909
435910
435911
435914
435915
435918
435927
435928
435936
435942
435946
435947
435952
435953
435958
435964
435966
435968
435976
435977
435982
435984
435991
435994
435995
435996
435998
436009
436010
436011
436012
436015
436019
436020
436022
436024
436028
436029
436033
438628
443910
446117
478121
547164
579351
603019
620167
686931
708134
727175
825289
982285
